"adm1","adm2","hf","month","year","test","test_u5","test_ov5","test_rdt","test_rdt_u5","test_rdt_ov5","test_mic","test_mic_u5","test_mic_ov5","conf","conf_u5","conf_ov5","conf_rdt","conf_rdt_u5","conf_rdt_ov5","conf_mic","conf_mic_u5","conf_mic_ov5"
"Central","Laoye",1,"Jan",2018,275,131,144,244,129,115,31,16,15,165,67,98,162,66,96,3,1,2
"Central","Laoye",1,"Feb",2018,239,115,124,202,113,89,37,21,16,115,47,68,114,47,67,1,0,1
"Central","Laoye",1,"Mar",2018,355,165,190,286,161,125,69,39,30,291,121,170,285,120,165,6,3,3
"Central","Laoye",1,"Apr",2018,239,114,125,195,111,84,44,25,19,126,60,66,122,59,63,4,2,2
"Central","Laoye",1,"May",2018,374,179,195,309,174,135,65,37,28,243,111,132,239,110,129,4,2,2
"Central","Laoye",1,"Jun",2018,543,250,293,427,244,183,116,66,50,272,115,157,265,114,151,7,3,4
"Central","Laoye",1,"Jul",2018,330,154,176,298,152,146,32,16,16,247,101,146,244,100,144,3,1,2
"Central","Laoye",1,"Aug",2018,171,77,94,157,76,81,14,7,7,155,54,101,154,54,100,1,0,1
"Central","Laoye",1,"Sep",2018,858,384,474,785,381,404,73,35,38,682,237,445,675,236,439,7,2,5
"Central","Laoye",1,"Oct",2018,768,339,429,746,332,414,22,10,12,563,178,385,553,175,378,10,3,7
"Central","Laoye",1,"Nov",2018,774,351,423,764,347,417,10,5,5,576,190,386,569,189,380,7,2,5
"Central","Laoye",1,"Dec",2018,354,166,188,307,163,144,47,25,22,259,102,157,256,101,155,3,1,2
"East","Gakingo",2,"Jan",2018,42,21,21,33,21,12,9,6,3,36,19,17,35,18,17,1,1,0
"East","Gakingo",2,"Feb",2018,70,35,35,56,35,21,14,9,5,38,18,20,38,18,20,0,0,0
"East","Gakingo",2,"Mar",2018,224,113,111,176,112,64,48,31,17,112,53,59,110,53,57,2,1,1
"East","Gakingo",2,"Apr",2018,115,57,58,91,57,34,24,15,9,35,15,20,34,16,18,1,0,1
"East","Gakingo",2,"May",2018,257,128,129,195,128,67,62,41,21,107,48,59,105,48,57,2,1,1
"East","Gakingo",2,"Jun",2018,604,300,304,466,299,167,138,89,49,226,110,116,221,110,111,5,2,3
"East","Gakingo",2,"Jul",2018,178,87,91,132,87,45,46,30,16,101,58,43,100,58,42,1,1,0
"East","Gakingo",2,"Aug",2018,1121,538,583,817,538,279,304,200,104,960,451,509,950,451,499,10,5,5
"East","Gakingo",2,"Sep",2018,311,155,156,238,155,83,73,47,26,203,106,97,199,106,93,4,2,2
"East","Gakingo",2,"Oct",2018,923,460,463,615,460,155,308,231,77,710,359,351,700,359,341,10,5,5
"East","Gakingo",2,"Nov",2018,354,177,177,248,176,72,106,75,31,299,147,152,291,147,144,8,4,4
"East","Gakingo",2,"Dec",2018,592,296,296,430,293,137,162,110,52,451,232,219,444,232,212,7,4,3
"Central","Yagoloko",3,"Jan",2018,209,92,117,149,87,62,60,35,25,187,72,115,165,68,97,22,9,13
"Central","Yagoloko",3,"Feb",2018,482,231,251,418,221,197,64,34,30,395,137,258,365,129,236,30,11,19
"Central","Yagoloko",3,"Mar",2018,201,94,107,160,89,71,41,23,18,133,49,84,121,45,76,12,5,7
"Central","Yagoloko",3,"Apr",2018,221,104,117,177,100,77,44,25,19,171,77,94,161,74,87,10,5,5
"Central","Yagoloko",3,"May",2018,175,86,89,138,84,54,37,22,15,142,62,80,135,61,74,7,3,4
"Central","Yagoloko",3,"Jun",2018,516,241,275,400,226,174,116,66,50,144,63,81,131,59,72,13,6,7
"Central","Yagoloko",3,"Jul",2018,423,194,229,351,187,164,72,38,34,272,91,181,264,89,175,8,3,5
"Central","Yagoloko",3,"Aug",2018,962,434,528,925,427,498,37,17,20,646,217,429,629,214,415,17,6,11
"Central","Yagoloko",3,"Sep",2018,745,332,413,700,324,376,45,21,24,506,153,353,487,150,337,19,6,13
"Central","Yagoloko",3,"Oct",2018,360,146,214,360,142,218,0,0,0,295,70,225,282,68,214,13,3,10
"Central","Yagoloko",3,"Nov",2018,377,163,214,370,153,217,7,3,4,266,77,189,248,72,176,18,5,13
"Central","Yagoloko",3,"Dec",2018,469,214,255,451,210,241,18,8,10,392,128,264,376,124,252,16,5,11
"West","Youko",4,"Jan",2018,114,56,58,104,55,49,10,5,5,66,27,39,64,27,37,2,1,1
"West","Youko",4,"Feb",2018,218,106,112,181,104,77,37,21,16,171,74,97,165,73,92,6,3,3
"West","Youko",4,"Mar",2018,240,118,122,185,118,67,55,35,20,135,61,74,132,61,71,3,1,2
"West","Youko",4,"Apr",2018,204,102,102,166,99,67,38,23,15,140,59,81,139,59,80,1,0,1
"West","Youko",4,"May",2018,123,60,63,98,60,38,25,15,10,74,30,44,71,29,42,3,1,2
"West","Youko",4,"Jun",2018,184,88,96,148,88,60,36,21,15,117,51,66,112,51,61,5,2,3
"West","Youko",4,"Jul",2018,533,259,274,391,257,134,142,93,49,267,139,128,258,138,120,9,5,4
"West","Youko",4,"Aug",2018,375,174,201,338,174,164,37,19,18,290,108,182,282,107,175,8,3,5
"West","Youko",4,"Sep",2018,750,349,401,659,348,311,91,48,43,606,229,377,587,228,359,19,7,12
"West","Youko",4,"Oct",2018,368,169,199,314,169,145,54,29,25,272,106,166,268,106,162,4,2,2
"West","Youko",4,"Nov",2018,248,116,132,216,116,100,32,17,15,173,62,111,171,62,109,2,1,1
"West","Youko",4,"Dec",2018,348,167,181,273,166,107,75,46,29,278,132,146,273,131,142,5,2,3
"East","Galkashiikh",5,"Jan",2018,201,103,98,136,103,33,65,49,16,157,89,68,147,88,59,10,6,4
"East","Galkashiikh",5,"Feb",2018,193,98,95,137,95,42,56,39,17,145,72,73,134,71,63,11,6,5
"East","Galkashiikh",5,"Mar",2018,186,95,91,131,94,37,55,39,16,155,76,79,140,76,64,15,8,7
"East","Galkashiikh",5,"Apr",2018,131,65,66,98,65,33,33,22,11,90,40,50,78,39,39,12,6,6
"East","Galkashiikh",5,"May",2018,301,154,147,224,153,71,77,53,24,144,62,82,125,62,63,19,9,10
"East","Galkashiikh",5,"Jun",2018,372,189,183,263,188,75,109,78,31,152,73,79,132,73,59,20,11,9
"East","Galkashiikh",5,"Jul",2018,527,266,261,407,263,144,120,78,42,436,220,216,390,218,172,46,26,20
"East","Galkashiikh",5,"Aug",2018,240,116,124,165,115,50,75,52,23,175,82,93,163,81,82,12,6,6
"East","Galkashiikh",5,"Sep",2018,1206,608,598,734,593,141,472,381,91,980,514,466,918,510,408,62,34,28
"East","Galkashiikh",5,"Oct",2018,441,229,212,260,227,33,181,158,23,216,120,96,200,119,81,16,10,6
"East","Galkashiikh",5,"Nov",2018,479,246,233,281,243,38,198,171,27,349,174,175,320,172,148,29,16,13
"East","Galkashiikh",5,"Dec",2018,509,267,242,313,264,49,196,165,31,370,197,173,334,195,139,36,21,15
"West","Bamakiary",6,"Jan",2018,606,289,317,416,279,137,190,127,63,476,204,272,456,201,255,20,9,11
"West","Bamakiary",6,"Feb",2018,371,178,193,248,175,73,123,87,36,196,92,104,187,90,97,9,4,5
"West","Bamakiary",6,"Mar",2018,86,41,45,65,40,25,21,13,8,83,36,47,79,35,44,4,2,2
"West","Bamakiary",6,"Apr",2018,269,132,137,195,129,66,74,49,25,148,69,79,142,68,74,6,3,3
"West","Bamakiary",6,"May",2018,196,95,101,150,93,57,46,28,18,147,64,83,139,62,77,8,4,4
"West","Bamakiary",6,"Jun",2018,223,108,115,163,105,58,60,38,22,91,42,49,87,41,46,4,2,2
"West","Bamakiary",6,"Jul",2018,255,121,134,184,118,66,71,46,25,201,93,108,188,87,101,13,6,7
"West","Bamakiary",6,"Aug",2018,651,299,352,522,293,229,129,73,56,510,175,335,492,171,321,18,6,12
"West","Bamakiary",6,"Sep",2018,717,323,394,582,317,265,135,73,62,565,174,391,545,171,374,20,6,14
"West","Bamakiary",6,"Oct",2018,1210,526,684,1054,514,540,156,76,80,813,259,554,777,252,525,36,12,24
"West","Bamakiary",6,"Nov",2018,774,343,431,724,335,389,50,23,27,761,251,510,733,246,487,28,9,19
"West","Bamakiary",6,"Dec",2018,196,93,103,163,91,72,33,18,15,87,40,47,84,39,45,3,1,2
"Sahel","Lamanya",7,"Jan",2018,445,223,222,398,223,175,47,26,21,313,152,161,305,152,153,8,4,4
"Sahel","Lamanya",7,"Feb",2018,221,110,111,197,110,87,24,13,11,160,71,89,156,71,85,4,2,2
"Sahel","Lamanya",7,"Mar",2018,245,124,121,214,124,90,31,18,13,165,71,94,160,71,89,5,2,3
"Sahel","Lamanya",7,"Apr",2018,445,227,218,410,227,183,35,19,16,357,159,198,350,159,191,7,3,4
"Sahel","Lamanya",7,"May",2018,21,10,11,19,10,9,2,1,1,18,8,10,17,7,10,1,0,1
"Sahel","Lamanya",7,"Jun",2018,276,137,139,262,137,125,14,7,7,188,74,114,180,74,106,8,3,5
"Sahel","Lamanya",7,"Jul",2018,683,327,356,598,328,270,85,47,38,459,195,264,439,195,244,20,9,11
"Sahel","Lamanya",7,"Aug",2018,578,273,305,507,274,233,71,38,33,396,146,250,374,146,228,22,9,13
"Sahel","Lamanya",7,"Sep",2018,661,317,344,495,310,185,166,104,62,585,235,350,560,231,329,25,10,15
"Sahel","Lamanya",7,"Oct",2018,481,231,250,376,227,149,105,63,42,410,172,238,395,172,223,15,7,8
"Sahel","Lamanya",7,"Nov",2018,699,341,358,555,341,214,144,89,55,478,196,282,455,195,260,23,10,13
"Sahel","Lamanya",7,"Dec",2018,357,180,177,252,180,72,105,75,30,220,114,106,208,115,93,12,7,5
"Plains","Kanyemfya",8,"Jan",2018,123,60,63,98,59,39,25,15,10,56,25,31,55,25,30,1,0,1
"Plains","Kanyemfya",8,"Feb",2018,147,72,75,106,71,35,41,28,13,81,36,45,80,36,44,1,0,1
"Plains","Kanyemfya",8,"Mar",2018,83,42,41,59,40,19,24,16,8,34,16,18,34,16,18,0,0,0
"Plains","Kanyemfya",8,"Apr",2018,560,281,279,411,275,136,149,100,49,269,121,148,266,121,145,3,1,2
"Plains","Kanyemfya",8,"May",2018,210,104,106,162,102,60,48,30,18,125,55,70,124,55,69,1,0,1
"Plains","Kanyemfya",8,"Jun",2018,152,73,79,115,73,42,37,23,14,92,41,51,91,41,50,1,0,1
"Plains","Kanyemfya",8,"Jul",2018,460,221,239,339,219,120,121,78,43,299,149,150,296,148,148,3,2,1
"Plains","Kanyemfya",8,"Aug",2018,372,171,201,299,169,130,73,41,32,294,111,183,291,111,180,3,1,2
"Plains","Kanyemfya",8,"Sep",2018,264,124,140,196,121,75,68,42,26,181,73,108,179,73,106,2,1,1
"Plains","Kanyemfya",8,"Oct",2018,513,237,276,375,234,141,138,86,52,336,128,208,332,128,204,4,2,2
"Plains","Kanyemfya",8,"Nov",2018,93,45,48,58,45,13,35,27,8,91,33,58,90,33,57,1,0,1
"Plains","Kanyemfya",8,"Dec",2018,660,323,337,485,310,175,175,112,63,458,207,251,451,206,245,7,3,4
"Plains","Rumoni",9,"Jan",2018,75,37,38,60,37,23,15,9,6,30,13,17,30,13,17,0,0,0
"Plains","Rumoni",9,"Feb",2018,119,59,60,95,59,36,24,15,9,65,29,36,64,29,35,1,0,1
"Plains","Rumoni",9,"Mar",2018,193,97,96,160,96,64,33,20,13,150,64,86,147,63,84,3,1,2
"Plains","Rumoni",9,"Apr",2018,354,175,179,321,174,147,33,18,15,228,91,137,221,91,130,7,3,4
"Plains","Rumoni",9,"May",2018,416,205,211,348,204,144,68,40,28,226,89,137,223,89,134,3,1,2
"Plains","Rumoni",9,"Jun",2018,198,98,100,162,98,64,36,22,14,94,41,53,93,41,52,1,0,1
"Plains","Rumoni",9,"Jul",2018,340,167,173,263,167,96,77,49,28,249,127,122,246,127,119,3,2,1
"Plains","Rumoni",9,"Aug",2018,500,233,267,416,232,184,84,47,37,406,151,255,401,151,250,5,2,3
"Plains","Rumoni",9,"Sep",2018,435,207,228,327,207,120,108,68,40,354,145,209,350,145,205,4,2,2
"Plains","Rumoni",9,"Oct",2018,476,232,244,363,230,133,113,72,41,267,127,140,263,126,137,4,2,2
"Plains","Rumoni",9,"Nov",2018,333,164,169,233,162,71,100,69,31,278,130,148,274,129,145,4,2,2
"Plains","Rumoni",9,"Dec",2018,532,271,261,372,268,104,160,115,45,416,219,197,411,219,192,5,3,2
"Central","Mbono",10,"Jan",2018,248,104,144,178,92,86,70,36,34,111,35,76,83,32,51,28,11,17
"Central","Mbono",10,"Feb",2018,469,194,275,318,171,147,151,81,70,393,133,260,319,117,202,74,27,47
"Central","Mbono",10,"Mar",2018,400,171,229,272,158,114,128,74,54,162,60,102,150,57,93,12,5,7
"Central","Mbono",10,"Apr",2018,340,158,182,271,151,120,69,38,31,289,128,161,272,125,147,17,8,9
"Central","Mbono",10,"May",2018,59,26,33,46,24,22,13,7,6,40,17,23,36,16,20,4,2,2
"Central","Mbono",10,"Jun",2018,277,125,152,234,118,116,43,22,21,168,67,101,150,63,87,18,8,10
"Central","Mbono",10,"Jul",2018,875,383,492,771,351,420,104,47,57,601,189,412,538,174,364,63,20,43
"Central","Mbono",10,"Aug",2018,424,168,256,374,152,222,50,20,30,341,99,242,304,93,211,37,11,26
"Central","Mbono",10,"Sep",2018,213,81,132,211,72,139,2,1,1,173,41,132,147,36,111,26,6,20
"Central","Mbono",10,"Oct",2018,484,163,321,449,151,298,35,12,23,334,64,270,301,60,241,33,7,26
"Central","Mbono",10,"Nov",2018,382,138,244,338,129,209,44,17,27,314,66,248,272,61,211,42,9,33
"Central","Mbono",10,"Dec",2018,216,86,130,215,76,139,1,0,1,160,49,111,132,42,90,28,9,19
"Sahel","Siabakala",11,"Jan",2018,74,37,37,51,37,14,23,17,6,41,24,17,40,24,16,1,1,0
"Sahel","Siabakala",11,"Feb",2018,335,165,170,304,164,140,31,17,14,174,82,92,172,82,90,2,1,1
"Sahel","Siabakala",11,"Mar",2018,182,90,92,137,89,48,45,29,16,140,70,70,139,70,69,1,1,0
"Sahel","Siabakala",11,"Apr",2018,141,70,71,118,70,48,23,14,9,107,46,61,105,46,59,2,1,1
"Sahel","Siabakala",11,"May",2018,216,107,109,175,107,68,41,25,16,118,52,66,116,52,64,2,1,1
"Sahel","Siabakala",11,"Jun",2018,175,86,89,141,85,56,34,20,14,133,53,80,131,53,78,2,1,1
"Sahel","Siabakala",11,"Jul",2018,645,315,330,543,314,229,102,59,43,418,182,236,406,181,225,12,5,7
"Sahel","Siabakala",11,"Aug",2018,271,131,140,222,130,92,49,29,20,160,70,90,157,70,87,3,1,2
"Sahel","Siabakala",11,"Sep",2018,498,241,257,377,241,136,121,77,44,225,102,123,222,101,121,3,1,2
"Sahel","Siabakala",11,"Oct",2018,399,197,202,281,196,85,118,82,36,335,174,161,331,174,157,4,2,2
"Sahel","Siabakala",11,"Nov",2018,373,185,188,256,184,72,117,84,33,318,156,162,311,156,155,7,4,3
"Sahel","Siabakala",11,"Dec",2018,468,237,231,301,237,64,167,131,36,370,218,152,362,218,144,8,5,3
"Cascades","Tchimari",12,"Jan",2018,424,202,222,328,200,128,96,59,37,251,103,148,250,103,147,1,0,1
"Cascades","Tchimari",12,"Feb",2018,246,117,129,185,116,69,61,38,23,181,75,106,179,75,104,2,1,1
"Cascades","Tchimari",12,"Mar",2018,134,65,69,111,65,46,23,13,10,81,33,48,81,33,48,0,0,0
"Cascades","Tchimari",12,"Apr",2018,267,129,138,221,128,93,46,27,19,188,76,112,186,75,111,2,1,1
"Cascades","Tchimari",12,"May",2018,95,45,50,76,45,31,19,11,8,72,30,42,71,30,41,1,0,1
"Cascades","Tchimari",12,"Jun",2018,197,97,100,147,97,50,50,33,17,121,65,56,120,65,55,1,1,0
"Cascades","Tchimari",12,"Jul",2018,428,213,215,310,211,99,118,80,38,275,147,128,273,147,126,2,1,1
"Cascades","Tchimari",12,"Aug",2018,202,98,104,158,97,61,44,27,17,176,77,99,175,77,98,1,0,1
"Cascades","Tchimari",12,"Sep",2018,382,181,201,293,180,113,89,55,34,262,111,151,261,111,150,1,0,1
"Cascades","Tchimari",12,"Oct",2018,375,175,200,279,174,105,96,60,36,258,110,148,256,110,146,2,1,1
"Cascades","Tchimari",12,"Nov",2018,272,130,142,223,130,93,49,29,20,166,69,97,165,69,96,1,0,1
"Cascades","Tchimari",12,"Dec",2018,276,132,144,207,132,75,69,44,25,218,105,113,217,105,112,1,0,1
"East","Mabangata",13,"Jan",2018,298,151,147,211,150,61,87,62,25,148,76,72,145,76,69,3,2,1
"East","Mabangata",13,"Feb",2018,228,116,112,165,115,50,63,44,19,121,62,59,119,62,57,2,1,1
"East","Mabangata",13,"Mar",2018,134,68,66,102,67,35,32,21,11,105,51,54,103,50,53,2,1,1
"East","Mabangata",13,"Apr",2018,289,144,145,213,143,70,76,51,25,182,88,94,179,87,92,3,1,2
"East","Mabangata",13,"May",2018,106,53,53,78,52,26,28,19,9,104,51,53,101,50,51,3,1,2
"East","Mabangata",13,"Jun",2018,237,117,120,170,116,54,67,46,21,189,95,94,184,94,90,5,3,2
"East","Mabangata",13,"Jul",2018,237,117,120,160,116,44,77,56,21,138,83,55,136,82,54,2,1,1
"East","Mabangata",13,"Aug",2018,573,280,293,409,279,130,164,112,52,333,168,165,331,168,163,2,1,1
"East","Mabangata",13,"Sep",2018,601,298,303,398,298,100,203,152,51,451,252,199,447,252,195,4,2,2
"East","Mabangata",13,"Oct",2018,135,68,67,87,67,20,48,37,11,113,63,50,111,63,48,2,1,1
"East","Mabangata",13,"Nov",2018,527,268,259,338,262,76,189,147,42,410,219,191,402,217,185,8,4,4
"East","Mabangata",13,"Dec",2018,211,104,107,138,102,36,73,54,19,147,79,68,145,79,66,2,1,1
"Central","Siago",14,"Jan",2018,177,87,90,127,85,42,50,33,17,125,60,65,121,59,62,4,2,2
"Central","Siago",14,"Feb",2018,213,104,109,140,100,40,73,52,21,119,53,66,112,51,61,7,3,4
"Central","Siago",14,"Mar",2018,125,62,63,87,59,28,38,26,12,48,22,26,46,22,24,2,1,1
"Central","Siago",14,"Apr",2018,65,32,33,50,31,19,15,9,6,43,18,25,40,17,23,3,1,2
"Central","Siago",14,"May",2018,153,73,80,114,70,44,39,24,15,131,55,76,123,53,70,8,3,5
"Central","Siago",14,"Jun",2018,81,39,42,59,37,22,22,14,8,66,30,36,63,29,34,3,1,2
"Central","Siago",14,"Jul",2018,97,47,50,82,46,36,15,8,7,64,30,34,63,30,33,1,0,1
"Central","Siago",14,"Aug",2018,431,188,243,397,181,216,34,15,19,327,67,260,323,66,257,4,1,3
"Central","Siago",14,"Sep",2018,696,316,380,571,311,260,125,68,57,555,204,351,544,202,342,11,4,7
"Central","Siago",14,"Oct",2018,258,120,138,202,117,85,56,32,24,202,79,123,198,78,120,4,2,2
"Central","Siago",14,"Nov",2018,692,323,369,533,317,216,159,95,64,443,172,271,432,169,263,11,4,7
"Central","Siago",14,"Dec",2018,654,319,335,455,313,142,199,137,62,426,207,219,414,204,210,12,6,6
"North Coast","Lalaba",15,"Jan",2018,153,78,75,97,78,19,56,45,11,144,80,64,141,80,61,3,2,1
"North Coast","Lalaba",15,"Feb",2018,137,70,67,93,70,23,44,33,11,117,58,59,114,58,56,3,2,1
"North Coast","Lalaba",15,"Mar",2018,106,54,52,74,53,21,32,23,9,67,32,35,65,32,33,2,1,1
"North Coast","Lalaba",15,"Apr",2018,142,73,69,105,72,33,37,26,11,106,47,59,104,47,57,2,1,1
"North Coast","Lalaba",15,"May",2018,332,168,164,250,168,82,82,55,27,217,91,126,211,91,120,6,3,3
"North Coast","Lalaba",15,"Jun",2018,102,51,51,75,51,24,27,18,9,30,14,16,30,14,16,0,0,0
"North Coast","Lalaba",15,"Jul",2018,181,90,91,139,90,49,42,27,15,63,31,32,61,30,31,2,1,1
"North Coast","Lalaba",15,"Aug",2018,341,159,182,295,159,136,46,25,21,212,79,133,209,79,130,3,1,2
"North Coast","Lalaba",15,"Sep",2018,588,279,309,443,279,164,145,91,54,440,180,260,435,180,255,5,2,3
"North Coast","Lalaba",15,"Oct",2018,495,237,258,366,237,129,129,84,45,439,186,253,437,186,251,2,1,1
"North Coast","Lalaba",15,"Nov",2018,799,396,403,574,395,179,225,155,70,446,203,243,440,202,238,6,3,3
"North Coast","Lalaba",15,"Dec",2018,690,349,341,423,349,74,267,220,47,601,345,256,596,345,251,5,3,2
"Central","Yagoloko",16,"Jan",2018,171,75,96,122,71,51,49,29,20,126,49,77,111,46,65,15,6,9
"Central","Yagoloko",16,"Feb",2018,237,114,123,206,109,97,31,16,15,110,38,72,102,36,66,8,3,5
"Central","Yagoloko",16,"Mar",2018,262,123,139,208,116,92,54,30,24,181,67,114,165,62,103,16,6,10
"Central","Yagoloko",16,"Apr",2018,312,147,165,250,141,109,62,35,27,168,76,92,158,73,85,10,5,5
"Central","Yagoloko",16,"May",2018,119,59,60,94,57,37,25,15,10,69,30,39,66,30,36,3,1,2
"Central","Yagoloko",16,"Jun",2018,251,117,134,195,110,85,56,32,24,200,87,113,182,82,100,18,8,10
"Central","Yagoloko",16,"Jul",2018,806,369,437,669,356,313,137,73,64,639,213,426,619,210,409,20,7,13
"Central","Yagoloko",16,"Aug",2018,858,387,471,825,381,444,33,15,18,621,209,412,605,206,399,16,5,11
"Central","Yagoloko",16,"Sep",2018,478,213,265,449,208,241,29,13,16,365,111,254,351,108,243,14,4,10
"Central","Yagoloko",16,"Oct",2018,551,223,328,551,218,333,0,0,0,434,102,332,415,100,315,19,5,14
"Central","Yagoloko",16,"Nov",2018,103,45,58,101,42,59,2,1,1,82,24,58,76,22,54,6,2,4
"Central","Yagoloko",16,"Dec",2018,374,171,203,359,167,192,15,7,8,249,81,168,239,79,160,10,3,7
"Cascades","Malemkolela",17,"Jan",2018,272,125,147,220,125,95,52,29,23,71,29,42,71,29,42,0,0,0
"Cascades","Malemkolela",17,"Feb",2018,437,205,232,362,204,158,75,42,33,248,101,147,246,101,145,2,1,1
"Cascades","Malemkolela",17,"Mar",2018,187,90,97,176,89,87,11,6,5,142,55,87,141,55,86,1,0,1
"Cascades","Malemkolela",17,"Apr",2018,187,91,96,182,91,91,5,2,3,125,46,79,125,46,79,0,0,0
"Cascades","Malemkolela",17,"May",2018,268,128,140,246,128,118,22,11,11,161,58,103,160,58,102,1,0,1
"Cascades","Malemkolela",17,"Jun",2018,417,201,216,337,201,136,80,48,32,267,145,122,266,145,121,1,1,0
"Cascades","Malemkolela",17,"Jul",2018,465,223,242,367,222,145,98,59,39,343,163,180,342,162,180,1,0,1
"Cascades","Malemkolela",17,"Aug",2018,63,28,35,55,27,28,8,4,4,28,9,19,28,9,19,0,0,0
"Cascades","Malemkolela",17,"Sep",2018,483,214,269,425,212,213,58,29,29,281,86,195,279,85,194,2,1,1
"Cascades","Malemkolela",17,"Oct",2018,710,316,394,636,315,321,74,37,37,496,151,345,494,151,343,2,1,1
"Cascades","Malemkolela",17,"Nov",2018,428,196,232,426,196,230,2,1,1,342,102,240,341,102,239,1,0,1
"Cascades","Malemkolela",17,"Dec",2018,600,288,312,528,287,241,72,39,33,471,205,266,469,204,265,2,1,1
"Cascades","Tchimari",18,"Jan",2018,202,96,106,156,95,61,46,28,18,115,47,68,115,47,68,0,0,0
"Cascades","Tchimari",18,"Feb",2018,309,147,162,232,146,86,77,48,29,204,85,119,202,84,118,2,1,1
"Cascades","Tchimari",18,"Mar",2018,65,32,33,54,31,23,11,6,5,56,23,33,56,23,33,0,0,0
"Cascades","Tchimari",18,"Apr",2018,206,99,107,170,98,72,36,21,15,91,37,54,90,36,54,1,0,1
"Cascades","Tchimari",18,"May",2018,274,131,143,219,130,89,55,33,22,172,72,100,170,72,98,2,1,1
"Cascades","Tchimari",18,"Jun",2018,186,92,94,139,92,47,47,31,16,74,40,34,73,40,33,1,1,0
"Cascades","Tchimari",18,"Jul",2018,523,260,263,379,258,121,144,98,46,342,183,159,340,183,157,2,1,1
"Cascades","Tchimari",18,"Aug",2018,236,114,122,184,113,71,52,32,20,146,64,82,145,64,81,1,0,1
"Cascades","Tchimari",18,"Sep",2018,337,160,177,259,159,100,78,48,30,266,113,153,265,113,152,1,0,1
"Cascades","Tchimari",18,"Oct",2018,312,145,167,232,145,87,80,50,30,228,97,131,226,97,129,2,1,1
"Cascades","Tchimari",18,"Nov",2018,627,301,326,514,300,214,113,66,47,508,212,296,504,211,293,4,2,2
"Cascades","Tchimari",18,"Dec",2018,413,198,215,310,197,113,103,65,38,331,160,171,329,159,170,2,1,1
"East","Yorolesse",19,"Jan",2018,136,68,68,114,67,47,22,13,9,62,30,32,61,30,31,1,0,1
"East","Yorolesse",19,"Feb",2018,417,210,207,357,210,147,60,35,25,235,112,123,235,112,123,0,0,0
"East","Yorolesse",19,"Mar",2018,336,168,168,281,167,114,55,33,22,166,71,95,165,71,94,1,0,1
"East","Yorolesse",19,"Apr",2018,343,175,168,326,174,152,17,9,8,139,57,82,139,57,82,0,0,0
"East","Yorolesse",19,"May",2018,225,130,95,201,129,72,24,15,9,153,56,97,152,56,96,1,0,1
"East","Yorolesse",19,"Jun",2018,162,81,81,162,79,83,0,0,0,107,46,61,106,46,60,1,0,1
"East","Yorolesse",19,"Jul",2018,108,54,54,93,54,39,15,9,6,85,49,36,84,49,35,1,1,0
"East","Yorolesse",19,"Aug",2018,713,357,356,684,355,329,29,15,14,485,222,263,482,220,262,3,1,2
"East","Yorolesse",19,"Sep",2018,582,286,296,452,284,168,130,82,48,428,207,221,425,205,220,3,1,2
"East","Yorolesse",19,"Oct",2018,211,105,106,158,104,54,53,35,18,160,80,80,159,80,79,1,1,0
"East","Yorolesse",19,"Nov",2018,227,113,114,175,112,63,52,33,19,196,96,100,195,95,100,1,0,1
"East","Yorolesse",19,"Dec",2018,664,333,331,495,331,164,169,113,56,426,218,208,424,217,207,2,1,1
"West","Tangue",20,"Jan",2018,79,38,41,65,37,28,14,8,6,43,18,25,42,18,24,1,0,1
"West","Tangue",20,"Feb",2018,522,253,269,441,249,192,81,46,35,393,168,225,386,166,220,7,3,4
"West","Tangue",20,"Mar",2018,395,195,200,326,192,134,69,41,28,280,122,158,274,120,154,6,3,3
"West","Tangue",20,"Apr",2018,69,34,35,62,34,28,7,4,3,27,10,17,26,10,16,1,0,1
"West","Tangue",20,"May",2018,180,89,91,162,88,74,18,10,8,160,60,100,157,59,98,3,1,2
"West","Tangue",20,"Jun",2018,58,29,29,48,28,20,10,6,4,46,21,25,45,21,24,1,0,1
"West","Tangue",20,"Jul",2018,16,8,8,12,8,4,4,3,1,9,5,4,9,5,4,0,0,0
"West","Tangue",20,"Aug",2018,948,443,505,800,437,363,148,81,67,829,314,515,810,309,501,19,7,12
"West","Tangue",20,"Sep",2018,569,262,307,470,258,212,99,54,45,375,136,239,366,134,232,9,3,6
"West","Tangue",20,"Oct",2018,355,163,192,288,161,127,67,37,30,241,91,150,236,90,146,5,2,3
"West","Tangue",20,"Nov",2018,659,311,348,526,305,221,133,77,56,439,176,263,432,174,258,7,3,4
"West","Tangue",20,"Dec",2018,364,179,185,272,177,95,92,60,32,283,144,139,279,143,136,4,2,2
"East","Yorolesse",21,"Jan",2018,103,52,51,86,50,36,17,10,7,80,39,41,78,38,40,2,1,1
"East","Yorolesse",21,"Feb",2018,141,71,70,121,71,50,20,12,8,99,47,52,99,47,52,0,0,0
"East","Yorolesse",21,"Mar",2018,149,74,75,125,74,51,24,14,10,91,39,52,90,39,51,1,0,1
"East","Yorolesse",21,"Apr",2018,110,56,54,105,56,49,5,3,2,50,20,30,50,20,30,0,0,0
"East","Yorolesse",21,"May",2018,165,95,70,147,95,52,18,12,6,132,48,84,131,48,83,1,0,1
"East","Yorolesse",21,"Jun",2018,687,343,344,687,333,354,0,0,0,469,203,266,466,202,264,3,1,2
"East","Yorolesse",21,"Jul",2018,419,210,209,359,208,151,60,35,25,307,178,129,305,176,129,2,1,1
"East","Yorolesse",21,"Aug",2018,444,222,222,426,221,205,18,9,9,334,153,181,332,152,180,2,1,1
"East","Yorolesse",21,"Sep",2018,563,277,286,437,275,162,126,79,47,470,227,243,467,225,242,3,1,2
"East","Yorolesse",21,"Oct",2018,383,190,193,287,189,98,96,63,33,148,74,74,147,74,73,1,1,0
"East","Yorolesse",21,"Nov",2018,518,257,261,400,255,145,118,75,43,392,191,201,390,190,200,2,1,1
"East","Yorolesse",21,"Dec",2018,213,107,106,159,106,53,54,36,18,162,83,79,161,82,79,1,1,0
"Sahel","Lamanya",22,"Jan",2018,260,130,130,232,130,102,28,16,12,179,87,92,175,87,88,4,2,2
"Sahel","Lamanya",22,"Feb",2018,316,157,159,281,157,124,35,20,15,149,66,83,145,66,79,4,2,2
"Sahel","Lamanya",22,"Mar",2018,121,61,60,106,61,45,15,9,6,51,22,29,49,22,27,2,1,1
"Sahel","Lamanya",22,"Apr",2018,273,140,133,252,140,112,21,12,9,186,83,103,182,83,99,4,2,2
"Sahel","Lamanya",22,"May",2018,146,72,74,135,72,63,11,6,5,107,45,62,103,45,58,4,2,2
"Sahel","Lamanya",22,"Jun",2018,132,65,67,125,65,60,7,4,3,74,29,45,71,29,42,3,1,2
"Sahel","Lamanya",22,"Jul",2018,227,109,118,199,109,90,28,15,13,176,75,101,168,75,93,8,4,4
"Sahel","Lamanya",22,"Aug",2018,285,135,150,250,135,115,35,19,16,207,76,131,195,76,119,12,5,7
"Sahel","Lamanya",22,"Sep",2018,371,178,193,278,174,104,93,58,35,257,103,154,246,101,145,11,5,6
"Sahel","Lamanya",22,"Oct",2018,811,390,421,634,382,252,177,107,70,507,213,294,488,213,275,19,8,11
"Sahel","Lamanya",22,"Nov",2018,311,152,159,247,152,95,64,39,25,245,100,145,233,100,133,12,5,7
"Sahel","Lamanya",22,"Dec",2018,331,167,164,234,167,67,97,69,28,305,159,146,288,159,129,17,9,8
"West","Ushiranga",23,"Jan",2018,178,89,89,123,89,34,55,40,15,92,47,45,91,48,43,1,1,0
"West","Ushiranga",23,"Feb",2018,340,173,167,228,173,55,112,85,27,90,44,46,89,44,45,1,0,1
"West","Ushiranga",23,"Mar",2018,295,152,143,208,151,57,87,63,24,178,105,73,175,105,70,3,2,1
"West","Ushiranga",23,"Apr",2018,305,156,149,221,156,65,84,59,25,197,94,103,193,94,99,4,2,2
"West","Ushiranga",23,"May",2018,334,169,165,243,169,74,91,63,28,262,125,137,258,125,133,4,2,2
"West","Ushiranga",23,"Jun",2018,169,84,85,116,84,32,53,38,15,106,56,50,105,56,49,1,1,0
"West","Ushiranga",23,"Jul",2018,512,257,255,327,257,70,185,145,40,334,192,142,333,192,141,1,1,0
"West","Ushiranga",23,"Aug",2018,243,119,124,162,119,43,81,60,21,178,92,86,177,92,85,1,1,0
"West","Ushiranga",23,"Sep",2018,794,396,398,512,396,116,282,218,64,623,338,285,621,338,283,2,1,1
"West","Ushiranga",23,"Oct",2018,764,376,388,488,376,112,276,213,63,512,284,228,507,284,223,5,3,2
"West","Ushiranga",23,"Nov",2018,559,279,280,353,279,74,206,163,43,382,216,166,378,215,163,4,2,2
"West","Ushiranga",23,"Dec",2018,332,170,162,217,168,49,115,89,26,259,149,110,250,149,101,9,5,4
"West","Tangue",24,"Jan",2018,108,52,56,89,51,38,19,11,8,91,39,52,89,38,51,2,1,1
"West","Tangue",24,"Feb",2018,326,158,168,276,156,120,50,28,22,192,82,110,189,81,108,3,1,2
"West","Tangue",24,"Mar",2018,206,102,104,170,100,70,36,21,15,78,34,44,76,33,43,2,1,1
"West","Tangue",24,"Apr",2018,86,42,44,77,42,35,9,5,4,71,27,44,70,27,43,1,0,1
"West","Tangue",24,"May",2018,326,162,164,293,158,135,33,18,15,211,79,132,207,78,129,4,1,3
"West","Tangue",24,"Jun",2018,234,115,119,193,113,80,41,24,17,138,63,75,134,61,73,4,2,2
"West","Tangue",24,"Jul",2018,218,107,111,165,106,59,53,34,19,147,80,67,144,80,64,3,2,1
"West","Tangue",24,"Aug",2018,671,313,358,566,309,257,105,57,48,470,178,292,459,175,284,11,4,7
"West","Tangue",24,"Sep",2018,399,184,215,329,181,148,70,38,32,253,92,161,247,91,156,6,2,4
"West","Tangue",24,"Oct",2018,680,312,368,552,308,244,128,71,57,511,193,318,501,191,310,10,4,6
"West","Tangue",24,"Nov",2018,457,215,242,365,212,153,92,53,39,361,145,216,355,143,212,6,2,4
"West","Tangue",24,"Dec",2018,174,86,88,130,84,46,44,29,15,142,72,70,140,72,68,2,1,1
"North Coast","Buseli",25,"Jan",2018,237,117,120,172,118,54,65,44,21,149,74,75,148,73,75,1,0,1
"North Coast","Buseli",25,"Feb",2018,135,67,68,98,67,31,37,25,12,85,41,44,85,41,44,0,0,0
"North Coast","Buseli",25,"Mar",2018,236,118,118,178,118,60,58,39,19,96,44,52,95,43,52,1,0,1
"North Coast","Buseli",25,"Apr",2018,695,346,349,567,345,222,128,78,50,447,196,251,444,195,249,3,1,2
"North Coast","Buseli",25,"May",2018,163,82,81,127,82,45,36,23,13,118,54,64,117,53,64,1,0,1
"North Coast","Buseli",25,"Jun",2018,175,87,88,140,87,53,35,22,13,131,59,72,130,58,72,1,0,1
"North Coast","Buseli",25,"Jul",2018,263,129,134,213,129,84,50,30,20,150,77,73,147,77,70,3,2,1
"North Coast","Buseli",25,"Aug",2018,754,349,405,649,348,301,105,56,49,539,203,336,535,203,332,4,2,2
"North Coast","Buseli",25,"Sep",2018,643,300,343,468,299,169,175,112,63,597,246,351,593,245,348,4,2,2
"North Coast","Buseli",25,"Oct",2018,894,419,475,588,418,170,306,218,88,640,295,345,638,295,343,2,1,1
"North Coast","Buseli",25,"Nov",2018,71,33,38,46,33,13,25,18,7,44,18,26,44,18,26,0,0,0
"North Coast","Buseli",25,"Dec",2018,1090,552,538,689,552,137,401,321,80,674,374,300,670,374,296,4,2,2
"West","Bamakiary",26,"Jan",2018,256,122,134,176,118,58,80,54,26,132,57,75,126,55,71,6,3,3
"West","Bamakiary",26,"Feb",2018,309,148,161,207,146,61,102,72,30,166,78,88,159,76,83,7,3,4
"West","Bamakiary",26,"Mar",2018,245,117,128,184,114,70,61,38,23,112,49,63,107,48,59,5,2,3
"West","Bamakiary",26,"Apr",2018,260,128,132,188,124,64,72,48,24,160,75,85,153,73,80,7,3,4
"West","Bamakiary",26,"May",2018,281,136,145,215,133,82,66,41,25,153,67,86,145,65,80,8,4,4
"West","Bamakiary",26,"Jun",2018,336,162,174,246,158,88,90,58,32,200,92,108,191,90,101,9,4,5
"West","Bamakiary",26,"Jul",2018,141,67,74,102,65,37,39,25,14,61,28,33,57,26,31,4,2,2
"West","Bamakiary",26,"Aug",2018,530,244,286,425,239,186,105,59,46,449,154,295,433,150,283,16,6,10
"West","Bamakiary",26,"Sep",2018,425,191,234,345,188,157,80,44,36,222,68,154,214,67,147,8,3,5
"West","Bamakiary",26,"Oct",2018,559,243,316,487,238,249,72,35,37,347,111,236,331,107,224,16,5,11
"West","Bamakiary",26,"Nov",2018,440,195,245,411,190,221,29,13,16,332,109,223,320,107,213,12,4,8
"West","Bamakiary",26,"Dec",2018,195,93,102,162,91,71,33,18,15,172,78,94,167,77,90,5,2,3
"West","Tangue",27,"Jan",2018,318,154,164,262,151,111,56,32,24,227,97,130,223,95,128,4,2,2
"West","Tangue",27,"Feb",2018,258,125,133,218,123,95,40,23,17,212,90,122,208,89,119,4,2,2
"West","Tangue",27,"Mar",2018,194,96,98,160,94,66,34,20,14,68,30,38,67,29,38,1,0,1
"West","Tangue",27,"Apr",2018,255,126,129,228,124,104,27,15,12,227,87,140,222,85,137,5,2,3
"West","Tangue",27,"May",2018,216,107,109,194,105,89,22,12,10,157,59,98,154,58,96,3,1,2
"West","Tangue",27,"Jun",2018,494,244,250,407,238,169,87,51,36,276,125,151,269,123,146,7,3,4
"West","Tangue",27,"Jul",2018,744,366,378,564,361,203,180,115,65,491,268,223,481,266,215,10,6,4
"West","Tangue",27,"Aug",2018,576,269,307,486,265,221,90,49,41,417,158,259,408,156,252,9,3,6
"West","Tangue",27,"Sep",2018,298,137,161,246,135,111,52,29,23,230,83,147,225,83,142,5,2,3
"West","Tangue",27,"Oct",2018,820,376,444,665,371,294,155,87,68,596,225,371,585,223,362,11,4,7
"West","Tangue",27,"Nov",2018,153,72,81,122,71,51,31,18,13,107,43,64,105,42,63,2,1,1
"West","Tangue",27,"Dec",2018,486,239,247,364,236,128,122,79,43,304,155,149,300,154,146,4,2,2
"Central","Yagoloko",28,"Jan",2018,420,185,235,300,175,125,120,70,50,357,138,219,315,130,185,42,17,25
"Central","Yagoloko",28,"Feb",2018,295,141,154,256,135,121,39,21,18,119,41,78,110,39,71,9,3,6
"Central","Yagoloko",28,"Mar",2018,201,94,107,160,89,71,41,23,18,119,44,75,109,41,68,10,4,6
"Central","Yagoloko",28,"Apr",2018,302,142,160,242,136,106,60,34,26,174,79,95,164,76,88,10,5,5
"Central","Yagoloko",28,"May",2018,125,62,63,99,60,39,26,16,10,58,25,33,55,25,30,3,1,2
"Central","Yagoloko",28,"Jun",2018,34,16,18,26,15,11,8,5,3,12,5,7,11,5,6,1,0,1
"Central","Yagoloko",28,"Jul",2018,63,29,34,52,28,24,11,6,5,47,16,31,46,16,30,1,0,1
"Central","Yagoloko",28,"Aug",2018,393,177,216,378,174,204,15,7,8,228,77,151,222,76,146,6,2,4
"Central","Yagoloko",28,"Sep",2018,501,223,278,471,218,253,30,14,16,347,105,242,334,103,231,13,4,9
"Central","Yagoloko",28,"Oct",2018,277,112,165,277,110,167,0,0,0,212,50,162,203,49,154,9,2,7
"Central","Yagoloko",28,"Nov",2018,690,299,391,677,280,397,13,5,8,547,158,389,510,148,362,37,11,26
"Central","Yagoloko",28,"Dec",2018,395,180,215,380,177,203,15,7,8,289,94,195,277,92,185,12,4,8
"West","Kokam",29,"Jan",2018,218,108,110,163,108,55,55,36,19,125,59,66,123,59,64,2,1,1
"West","Kokam",29,"Feb",2018,225,110,115,179,110,69,46,28,18,172,78,94,168,78,90,4,2,2
"West","Kokam",29,"Mar",2018,723,358,365,613,357,256,110,64,46,401,173,228,390,171,219,11,5,6
"West","Kokam",29,"Apr",2018,320,161,159,262,159,103,58,35,23,250,105,145,245,105,140,5,2,3
"West","Kokam",29,"May",2018,316,156,160,261,156,105,55,33,22,192,89,103,189,89,100,3,1,2
"West","Kokam",29,"Jun",2018,174,86,88,133,86,47,41,26,15,123,56,67,120,56,64,3,1,2
"West","Kokam",29,"Jul",2018,612,301,311,476,300,176,136,86,50,465,237,228,449,236,213,16,8,8
"West","Kokam",29,"Aug",2018,753,351,402,661,350,311,92,49,43,596,223,373,590,222,368,6,2,4
"West","Kokam",29,"Sep",2018,550,261,289,448,261,187,102,59,43,405,165,240,401,165,236,4,2,2
"West","Kokam",29,"Oct",2018,265,127,138,196,127,69,69,45,24,182,80,102,177,80,97,5,2,3
"West","Kokam",29,"Nov",2018,377,185,192,275,184,91,102,68,34,316,140,176,307,140,167,9,4,5
"West","Kokam",29,"Dec",2018,131,66,65,90,65,25,41,30,11,93,50,43,92,50,42,1,1,0
"West","Kokam",30,"Jan",2018,193,96,97,144,96,48,49,33,16,89,42,47,87,42,45,2,1,1
"West","Kokam",30,"Feb",2018,198,97,101,157,96,61,41,25,16,113,51,62,110,51,59,3,1,2
"West","Kokam",30,"Mar",2018,248,123,125,210,122,88,38,22,16,153,66,87,149,65,84,4,2,2
"West","Kokam",30,"Apr",2018,268,135,133,220,134,86,48,29,19,147,62,85,144,61,83,3,1,2
"West","Kokam",30,"May",2018,384,190,194,317,189,128,67,40,27,258,120,138,254,120,134,4,2,2
"West","Kokam",30,"Jun",2018,84,42,42,64,41,23,20,13,7,42,19,23,41,19,22,1,0,1
"West","Kokam",30,"Jul",2018,281,138,143,219,138,81,62,39,23,203,103,100,196,103,93,7,4,3
"West","Kokam",30,"Aug",2018,600,280,320,527,279,248,73,39,34,448,168,280,443,167,276,5,2,3
"West","Kokam",30,"Sep",2018,1478,702,776,1203,702,501,275,160,115,1082,441,641,1071,441,630,11,5,6
"West","Kokam",30,"Oct",2018,218,105,113,161,104,57,57,37,20,177,78,99,172,78,94,5,2,3
"West","Kokam",30,"Nov",2018,723,355,368,527,352,175,196,131,65,434,193,241,422,193,229,12,5,7
"West","Kokam",30,"Dec",2018,956,480,476,654,472,182,302,218,84,622,332,290,615,331,284,7,4,3
"Plains","Zikishi",31,"Jan",2018,109,56,53,76,54,22,33,23,10,65,34,31,62,33,29,3,2,1
"Plains","Zikishi",31,"Feb",2018,309,157,152,218,156,62,91,65,26,187,96,91,185,95,90,2,1,1
"Plains","Zikishi",31,"Mar",2018,195,101,94,139,97,42,56,39,17,122,60,62,121,60,61,1,0,1
"Plains","Zikishi",31,"Apr",2018,238,120,118,187,117,70,51,32,19,161,68,93,160,67,93,1,0,1
"Plains","Zikishi",31,"May",2018,348,174,174,271,172,99,77,49,28,180,79,101,179,79,100,1,0,1
"Plains","Zikishi",31,"Jun",2018,306,152,154,251,144,107,55,32,23,168,77,91,167,76,91,1,0,1
"Plains","Zikishi",31,"Jul",2018,617,308,309,469,304,165,148,96,52,543,310,233,541,309,232,2,1,1
"Plains","Zikishi",31,"Aug",2018,142,71,71,109,67,42,33,20,13,131,58,73,131,58,73,0,0,0
"Plains","Zikishi",31,"Sep",2018,328,166,162,212,159,53,116,87,29,252,134,118,251,134,117,1,1,0
"Plains","Zikishi",31,"Oct",2018,581,296,285,372,293,79,209,165,44,381,208,173,380,208,172,1,1,0
"Plains","Zikishi",31,"Nov",2018,201,104,97,136,104,32,65,50,15,197,102,95,196,102,94,1,1,0
"Plains","Zikishi",31,"Dec",2018,277,144,133,179,143,36,98,78,20,231,138,93,230,137,93,1,1,0
"West","Gotou",32,"Jan",2018,43,22,21,32,22,10,11,7,4,27,13,14,27,13,14,0,0,0
"West","Gotou",32,"Feb",2018,69,34,35,53,34,19,16,10,6,43,21,22,43,21,22,0,0,0
"West","Gotou",32,"Mar",2018,278,140,138,208,140,68,70,47,23,175,84,91,173,84,89,2,1,1
"West","Gotou",32,"Apr",2018,243,123,120,198,123,75,45,28,17,171,78,93,170,78,92,1,0,1
"West","Gotou",32,"May",2018,150,75,75,123,75,48,27,16,11,73,32,41,72,32,40,1,0,1
"West","Gotou",32,"Jun",2018,242,121,121,180,121,59,62,42,20,128,66,62,127,66,61,1,1,0
"West","Gotou",32,"Jul",2018,111,57,54,72,56,16,39,30,9,49,30,19,49,30,19,0,0,0
"West","Gotou",32,"Aug",2018,478,237,241,347,237,110,131,89,42,372,193,179,371,192,179,1,1,0
"West","Gotou",32,"Sep",2018,519,259,260,363,258,105,156,111,45,366,192,174,365,192,173,1,1,0
"West","Gotou",32,"Oct",2018,464,230,234,335,228,107,129,88,41,356,185,171,355,185,170,1,1,0
"West","Gotou",32,"Nov",2018,283,141,142,200,140,60,83,58,25,186,94,92,186,94,92,0,0,0
"West","Gotou",32,"Dec",2018,556,279,277,393,278,115,163,115,48,250,142,108,249,142,107,1,1,0
"North Coast","Kanyabare",33,"Jan",2018,235,111,124,172,109,63,63,40,23,174,74,100,168,73,95,6,3,3
"North Coast","Kanyabare",33,"Feb",2018,201,95,106,157,93,64,44,26,18,130,50,80,126,50,76,4,2,2
"North Coast","Kanyabare",33,"Mar",2018,225,104,121,180,103,77,45,26,19,87,31,56,84,31,53,3,1,2
"North Coast","Kanyabare",33,"Apr",2018,192,90,102,160,89,71,32,18,14,116,42,74,112,41,71,4,1,3
"North Coast","Kanyabare",33,"May",2018,162,78,84,132,75,57,30,17,13,161,63,98,153,61,92,8,3,5
"North Coast","Kanyabare",33,"Jun",2018,401,188,213,301,183,118,100,61,39,190,74,116,181,72,109,9,4,5
"North Coast","Kanyabare",33,"Jul",2018,513,239,274,416,236,180,97,55,42,426,177,249,414,175,239,12,5,7
"North Coast","Kanyabare",33,"Aug",2018,381,165,216,381,163,218,0,0,0,300,77,223,294,77,217,6,2,4
"North Coast","Kanyabare",33,"Sep",2018,539,229,310,483,228,255,56,26,30,373,102,271,365,101,264,8,2,6
"North Coast","Kanyabare",33,"Oct",2018,90,39,51,76,39,37,14,7,7,48,14,34,47,14,33,1,0,1
"North Coast","Kanyabare",33,"Nov",2018,375,165,210,332,163,169,43,21,22,316,94,222,308,94,214,8,2,6
"North Coast","Kanyabare",33,"Dec",2018,751,350,401,544,349,195,207,133,74,629,271,358,609,270,339,20,9,11
"East","Yorolesse",34,"Jan",2018,282,142,140,236,138,98,46,27,19,207,100,107,202,99,103,5,2,3
"East","Yorolesse",34,"Feb",2018,57,29,28,49,29,20,8,5,3,26,12,14,26,12,14,0,0,0
"East","Yorolesse",34,"Mar",2018,148,74,74,124,74,50,24,14,10,88,38,50,87,37,50,1,0,1
"East","Yorolesse",34,"Apr",2018,430,219,211,409,219,190,21,11,10,175,71,104,175,71,104,0,0,0
"East","Yorolesse",34,"May",2018,175,101,74,156,100,56,19,12,7,119,44,75,118,43,75,1,0,1
"East","Yorolesse",34,"Jun",2018,105,52,53,105,51,54,0,0,0,65,28,37,65,28,37,0,0,0
"East","Yorolesse",34,"Jul",2018,386,193,193,331,191,140,55,32,23,245,142,103,244,141,103,1,1,0
"East","Yorolesse",34,"Aug",2018,469,235,234,450,233,217,19,10,9,368,168,200,366,167,199,2,1,1
"East","Yorolesse",34,"Sep",2018,814,401,413,633,398,235,181,114,67,578,279,299,574,276,298,4,2,2
"East","Yorolesse",34,"Oct",2018,236,117,119,177,117,60,59,39,20,140,70,70,139,70,69,1,1,0
"East","Yorolesse",34,"Nov",2018,364,180,184,281,179,102,83,53,30,241,117,124,240,117,123,1,0,1
"East","Yorolesse",34,"Dec",2018,372,186,186,277,185,92,95,64,31,270,138,132,269,138,131,1,1,0
"Central","Yagoloko",35,"Jan",2018,280,123,157,200,117,83,80,47,33,191,74,117,169,70,99,22,9,13
"Central","Yagoloko",35,"Feb",2018,117,56,61,102,54,48,15,8,7,71,25,46,66,23,43,5,2,3
"Central","Yagoloko",35,"Mar",2018,186,87,99,148,83,65,38,21,17,158,58,100,144,54,90,14,5,9
"Central","Yagoloko",35,"Apr",2018,35,17,18,28,16,12,7,4,3,24,11,13,23,11,12,1,0,1
"Central","Yagoloko",35,"May",2018,161,79,82,127,77,50,34,21,13,90,39,51,86,39,47,4,2,2
"Central","Yagoloko",35,"Jun",2018,338,158,180,262,148,114,76,43,33,135,59,76,123,55,68,12,5,7
"Central","Yagoloko",35,"Jul",2018,283,130,153,235,125,110,48,26,22,183,61,122,177,60,117,6,2,4
"Central","Yagoloko",35,"Aug",2018,973,439,534,936,432,504,37,17,20,588,198,390,572,195,377,16,5,11
"Central","Yagoloko",35,"Sep",2018,323,144,179,304,141,163,19,9,10,180,54,126,173,53,120,7,2,5
"Central","Yagoloko",35,"Oct",2018,424,171,253,424,168,256,0,0,0,327,77,250,313,75,238,14,3,11
"Central","Yagoloko",35,"Nov",2018,711,308,403,698,289,409,13,5,8,461,133,328,430,125,305,31,9,22
"Central","Yagoloko",35,"Dec",2018,108,49,59,104,48,56,4,2,2,103,34,69,99,33,66,4,1,3
"East","Marandre",36,"Jan",2018,1,0,1,1,1,0,0,0,0,0,0,0,0,0,0,0,0,0
"East","Marandre",36,"Feb",2018,376,185,191,268,181,87,108,73,35,245,106,139,240,103,137,5,2,3
"East","Marandre",36,"Mar",2018,243,120,123,161,116,45,82,59,23,208,92,116,200,88,112,8,4,4
"East","Marandre",36,"Apr",2018,102,51,51,68,48,20,34,24,10,60,25,35,56,23,33,4,2,2
"East","Marandre",36,"May",2018,312,153,159,253,148,105,59,35,24,230,90,140,222,86,136,8,3,5
"East","Marandre",36,"Jun",2018,194,96,98,172,94,78,22,12,10,137,63,74,133,61,72,4,2,2
"East","Marandre",36,"Jul",2018,374,183,191,327,181,146,47,26,21,315,158,157,311,156,155,4,2,2
"East","Marandre",36,"Aug",2018,314,142,172,272,141,131,42,22,20,256,86,170,254,85,169,2,1,1
"East","Marandre",36,"Sep",2018,849,391,458,653,389,264,196,117,79,614,231,383,611,231,380,3,1,2
"East","Marandre",36,"Oct",2018,535,258,277,429,257,172,106,64,42,404,163,241,402,163,239,2,1,1
"East","Marandre",36,"Nov",2018,476,228,248,381,226,155,95,56,39,372,147,225,370,146,224,2,1,1
"East","Marandre",36,"Dec",2018,348,164,184,239,163,76,109,74,35,242,106,136,239,105,134,3,1,2
"Central","Laoye",37,"Jan",2018,238,113,125,211,111,100,27,14,13,152,62,90,149,61,88,3,1,2
"Central","Laoye",37,"Feb",2018,179,86,93,151,84,67,28,16,12,126,51,75,124,51,73,2,1,1
"Central","Laoye",37,"Mar",2018,242,112,130,195,110,85,47,27,20,118,49,69,116,49,67,2,1,1
"Central","Laoye",37,"Apr",2018,105,50,55,85,49,36,20,11,9,78,37,41,76,37,39,2,1,1
"Central","Laoye",37,"May",2018,116,56,60,96,54,42,20,11,9,88,40,48,86,40,46,2,1,1
"Central","Laoye",37,"Jun",2018,176,81,95,139,79,60,37,21,16,121,51,70,118,51,67,3,1,2
"Central","Laoye",37,"Jul",2018,162,76,86,146,75,71,16,8,8,102,42,60,101,42,59,1,0,1
"Central","Laoye",37,"Aug",2018,342,154,188,315,153,162,27,13,14,281,98,183,278,98,180,3,1,2
"Central","Laoye",37,"Sep",2018,964,432,532,882,428,454,82,40,42,715,248,467,708,247,461,7,2,5
"Central","Laoye",37,"Oct",2018,1487,656,831,1445,643,802,42,19,23,1066,337,729,1047,332,715,19,6,13
"Central","Laoye",37,"Nov",2018,366,166,200,361,164,197,5,2,3,272,90,182,268,89,179,4,1,3
"Central","Laoye",37,"Dec",2018,378,177,201,327,174,153,51,27,24,298,117,181,295,117,178,3,1,2
"West","Mbidima",38,"Jan",2018,172,82,90,121,80,41,51,34,17,40,17,23,40,17,23,0,0,0
"West","Mbidima",38,"Feb",2018,146,72,74,103,72,31,43,30,13,117,53,64,117,53,64,0,0,0
"West","Mbidima",38,"Mar",2018,103,51,52,79,51,28,24,15,9,75,33,42,75,33,42,0,0,0
"West","Mbidima",38,"Apr",2018,50,24,26,35,24,11,15,10,5,14,6,8,14,6,8,0,0,0
"West","Mbidima",38,"May",2018,228,114,114,169,112,57,59,39,20,167,77,90,166,76,90,1,0,1
"West","Mbidima",38,"Jun",2018,244,121,123,177,118,59,67,45,22,56,28,28,55,27,28,1,0,1
"West","Mbidima",38,"Jul",2018,192,92,100,146,91,55,46,29,17,152,66,86,150,65,85,2,1,1
"West","Mbidima",38,"Aug",2018,651,291,360,565,288,277,86,44,42,452,140,312,449,140,309,3,1,2
"West","Mbidima",38,"Sep",2018,796,361,435,669,359,310,127,68,59,452,139,313,451,138,313,1,0,1
"West","Mbidima",38,"Oct",2018,352,157,195,292,156,136,60,32,28,309,109,200,304,109,195,5,2,3
"West","Mbidima",38,"Nov",2018,112,50,62,91,50,41,21,12,9,90,33,57,88,33,55,2,1,1
"West","Mbidima",38,"Dec",2018,93,45,48,71,44,27,22,14,8,57,27,30,57,27,30,0,0,0
"Central","Winnedua",39,"Jan",2018,375,177,198,278,174,104,97,61,36,244,107,137,235,105,130,9,4,5
"Central","Winnedua",39,"Feb",2018,166,80,86,105,77,28,61,45,16,132,61,71,126,60,66,6,3,3
"Central","Winnedua",39,"Mar",2018,114,55,59,78,53,25,36,25,11,76,33,43,71,32,39,5,2,3
"Central","Winnedua",39,"Apr",2018,276,135,141,194,129,65,82,55,27,169,83,86,159,81,78,10,5,5
"Central","Winnedua",39,"May",2018,418,203,215,302,197,105,116,76,40,245,127,118,232,124,108,13,7,6
"Central","Winnedua",39,"Jun",2018,167,82,85,118,80,38,49,33,16,145,74,71,138,72,66,7,4,3
"Central","Winnedua",39,"Jul",2018,404,196,208,302,191,111,102,64,38,258,126,132,249,124,125,9,4,5
"Central","Winnedua",39,"Aug",2018,79,36,43,64,36,28,15,8,7,44,17,27,43,17,26,1,0,1
"Central","Winnedua",39,"Sep",2018,432,201,231,363,197,166,69,37,32,261,106,155,250,104,146,11,5,6
"Central","Winnedua",39,"Oct",2018,744,334,410,627,330,297,117,62,55,562,208,354,546,206,340,16,6,10
"Central","Winnedua",39,"Nov",2018,350,161,189,324,158,166,26,13,13,260,92,168,250,90,160,10,4,6
"Central","Winnedua",39,"Dec",2018,297,142,155,252,139,113,45,25,20,254,106,148,246,104,142,8,3,5
"Plains","Othasii",40,"Jan",2018,374,179,195,281,178,103,93,59,34,200,83,117,199,83,116,1,0,1
"Plains","Othasii",40,"Feb",2018,332,158,174,254,158,96,78,49,29,214,89,125,214,89,125,0,0,0
"Plains","Othasii",40,"Mar",2018,83,40,43,66,40,26,17,10,7,42,16,26,42,16,26,0,0,0
"Plains","Othasii",40,"Apr",2018,153,74,79,134,74,60,19,10,9,121,46,75,121,46,75,0,0,0
"Plains","Othasii",40,"May",2018,176,87,89,159,87,72,17,9,8,111,41,70,111,42,69,0,0,0
"Plains","Othasii",40,"Jun",2018,97,47,50,92,47,45,5,3,2,57,22,35,57,22,35,0,0,0
"Plains","Othasii",40,"Jul",2018,101,49,52,91,49,42,10,5,5,83,38,45,83,38,45,0,0,0
"Plains","Othasii",40,"Aug",2018,265,115,150,246,115,131,19,9,10,217,67,150,217,68,149,0,0,0
"Plains","Othasii",40,"Sep",2018,136,61,75,112,61,51,24,13,11,80,28,52,80,28,52,0,0,0
"Plains","Othasii",40,"Oct",2018,186,87,99,161,87,74,25,14,11,144,62,82,144,62,82,0,0,0
"Plains","Othasii",40,"Nov",2018,397,185,212,312,185,127,85,50,35,325,135,190,324,135,189,1,0,1
"Plains","Othasii",40,"Dec",2018,246,117,129,180,118,62,66,43,23,138,63,75,138,64,74,0,0,0
"Central","Mbono",41,"Jan",2018,65,27,38,47,24,23,18,9,9,37,12,25,28,11,17,9,3,6
"Central","Mbono",41,"Feb",2018,136,56,80,92,49,43,44,24,20,101,34,67,82,30,52,19,7,12
"Central","Mbono",41,"Mar",2018,321,137,184,218,127,91,103,60,43,164,61,103,152,58,94,12,5,7
"Central","Mbono",41,"Apr",2018,398,185,213,317,176,141,81,45,36,286,126,160,269,123,146,17,8,9
"Central","Mbono",41,"May",2018,308,136,172,240,127,113,68,36,32,258,110,148,233,105,128,25,11,14
"Central","Mbono",41,"Jun",2018,22,10,12,19,10,9,3,2,1,4,2,2,4,2,2,0,0,0
"Central","Mbono",41,"Jul",2018,168,74,94,148,67,81,20,9,11,142,45,97,127,41,86,15,5,10
"Central","Mbono",41,"Aug",2018,429,170,259,378,154,224,51,21,30,340,99,241,303,93,210,37,11,26
"Central","Mbono",41,"Sep",2018,585,222,363,581,198,383,4,1,3,432,102,330,366,89,277,66,16,50
"Central","Mbono",41,"Oct",2018,149,50,99,138,46,92,11,4,7,133,25,108,120,24,96,13,3,10
"Central","Mbono",41,"Nov",2018,212,76,136,188,72,116,24,9,15,165,35,130,143,32,111,22,5,17
"Central","Mbono",41,"Dec",2018,240,96,144,239,84,155,1,0,1,228,70,158,188,61,127,40,13,27
"West","Kokam",42,"Jan",2018,361,179,182,270,179,91,91,60,31,199,94,105,195,93,102,4,2,2
"West","Kokam",42,"Feb",2018,419,205,214,333,204,129,86,53,33,299,136,163,292,135,157,7,3,4
"West","Kokam",42,"Mar",2018,106,53,53,90,52,38,16,9,7,58,25,33,56,25,31,2,1,1
"West","Kokam",42,"Apr",2018,247,124,123,202,123,79,45,27,18,203,85,118,199,85,114,4,2,2
"West","Kokam",42,"May",2018,304,151,153,251,150,101,53,32,21,213,99,114,210,99,111,3,1,2
"West","Kokam",42,"Jun",2018,77,38,39,59,38,21,18,12,6,40,18,22,39,18,21,1,0,1
"West","Kokam",42,"Jul",2018,588,289,299,457,288,169,131,83,48,496,252,244,479,252,227,17,9,8
"West","Kokam",42,"Aug",2018,691,322,369,607,322,285,84,45,39,540,202,338,534,201,333,6,2,4
"West","Kokam",42,"Sep",2018,247,117,130,201,117,84,46,27,19,210,86,124,208,86,122,2,1,1
"West","Kokam",42,"Oct",2018,509,244,265,377,244,133,132,86,46,351,155,196,341,155,186,10,5,5
"West","Kokam",42,"Nov",2018,280,138,142,204,136,68,76,51,25,241,107,134,234,107,127,7,3,4
"West","Kokam",42,"Dec",2018,599,301,298,410,296,114,189,136,53,484,258,226,478,258,220,6,3,3
"Central","Yagoloko",43,"Jan",2018,25,11,14,18,11,7,7,4,3,17,7,10,15,6,9,2,1,1
"Central","Yagoloko",43,"Feb",2018,166,80,86,144,76,68,22,12,10,105,36,69,97,34,63,8,3,5
"Central","Yagoloko",43,"Mar",2018,122,57,65,97,54,43,25,14,11,93,34,59,85,32,53,8,3,5
"Central","Yagoloko",43,"Apr",2018,552,260,292,441,249,192,111,63,48,351,159,192,330,152,178,21,10,11
"Central","Yagoloko",43,"May",2018,508,250,258,400,243,157,108,66,42,236,103,133,224,101,123,12,5,7
"Central","Yagoloko",43,"Jun",2018,312,146,166,242,137,105,70,40,30,198,86,112,180,81,99,18,8,10
"Central","Yagoloko",43,"Jul",2018,294,135,159,244,130,114,50,27,23,179,60,119,173,59,114,6,2,4
"Central","Yagoloko",43,"Aug",2018,545,246,299,524,242,282,21,10,11,264,89,175,257,87,170,7,2,5
"Central","Yagoloko",43,"Sep",2018,313,139,174,294,136,158,19,9,10,164,50,114,158,49,109,6,2,4
"Central","Yagoloko",43,"Oct",2018,555,224,331,555,220,335,0,0,0,431,102,329,413,99,314,18,4,14
"Central","Yagoloko",43,"Nov",2018,722,313,409,709,293,416,13,5,8,589,170,419,549,159,390,40,12,28
"Central","Yagoloko",43,"Dec",2018,244,111,133,235,109,126,9,4,5,194,63,131,186,62,124,8,3,5
"Plains","Bonmi",44,"Jan",2018,284,138,146,207,138,69,77,51,26,195,89,106,194,88,106,1,0,1
"Plains","Bonmi",44,"Feb",2018,186,92,94,130,91,39,56,39,17,59,26,33,59,26,33,0,0,0
"Plains","Bonmi",44,"Mar",2018,309,153,156,217,152,65,92,64,28,216,95,121,215,94,121,1,0,1
"Plains","Bonmi",44,"Apr",2018,115,56,59,97,56,41,18,10,8,80,32,48,80,33,47,0,0,0
"Plains","Bonmi",44,"May",2018,466,227,239,401,226,175,65,37,28,294,117,177,293,117,176,1,0,1
"Plains","Bonmi",44,"Jun",2018,253,122,131,207,122,85,46,27,19,171,72,99,171,72,99,0,0,0
"Plains","Bonmi",44,"Jul",2018,432,206,226,365,205,160,67,38,29,313,140,173,312,139,173,1,0,1
"Plains","Bonmi",44,"Aug",2018,315,141,174,290,140,150,25,12,13,217,67,150,216,67,149,1,0,1
"Plains","Bonmi",44,"Sep",2018,395,181,214,319,181,138,76,43,33,316,115,201,315,115,200,1,0,1
"Plains","Bonmi",44,"Oct",2018,369,172,197,289,171,118,80,47,33,324,139,185,323,139,184,1,0,1
"Plains","Bonmi",44,"Nov",2018,440,207,233,342,206,136,98,59,39,303,130,173,302,129,173,1,0,1
"Plains","Bonmi",44,"Dec",2018,848,416,432,617,411,206,231,154,77,617,299,318,615,298,317,2,1,1
"Plains","Zikishi",45,"Jan",2018,163,83,80,114,81,33,49,35,14,107,55,52,103,55,48,4,2,2
"Plains","Zikishi",45,"Feb",2018,231,118,113,163,116,47,68,49,19,160,82,78,159,82,77,1,1,0
"Plains","Zikishi",45,"Mar",2018,177,91,86,126,88,38,51,36,15,85,42,43,84,42,42,1,0,1
"Plains","Zikishi",45,"Apr",2018,158,79,79,124,77,47,34,21,13,74,31,43,74,31,43,0,0,0
"Plains","Zikishi",45,"May",2018,210,105,105,164,104,60,46,29,17,193,85,108,192,85,107,1,0,1
"Plains","Zikishi",45,"Jun",2018,357,177,180,293,168,125,64,37,27,244,111,133,242,111,131,2,1,1
"Plains","Zikishi",45,"Jul",2018,237,118,119,180,117,63,57,37,20,165,94,71,165,94,71,0,0,0
"Plains","Zikishi",45,"Aug",2018,267,133,134,206,127,79,61,38,23,193,85,108,192,84,108,1,0,1
"Plains","Zikishi",45,"Sep",2018,538,272,266,348,260,88,190,142,48,423,226,197,421,224,197,2,1,1
"Plains","Zikishi",45,"Oct",2018,435,222,213,279,220,59,156,123,33,334,183,151,333,182,151,1,1,0
"Plains","Zikishi",45,"Nov",2018,375,194,181,253,193,60,122,93,29,324,168,156,323,168,155,1,1,0
"Plains","Zikishi",45,"Dec",2018,706,367,339,457,365,92,249,199,50,411,245,166,410,244,166,1,1,0
"East","Yorolesse",46,"Jan",2018,936,470,466,783,459,324,153,90,63,544,262,282,532,260,272,12,6,6
"East","Yorolesse",46,"Feb",2018,164,83,81,141,83,58,23,14,9,81,39,42,81,39,42,0,0,0
"East","Yorolesse",46,"Mar",2018,73,36,37,61,36,25,12,7,5,60,26,34,60,26,34,0,0,0
"East","Yorolesse",46,"Apr",2018,240,122,118,228,122,106,12,6,6,103,42,61,103,42,61,0,0,0
"East","Yorolesse",46,"May",2018,264,153,111,236,152,84,28,18,10,223,82,141,222,81,141,1,0,1
"East","Yorolesse",46,"Jun",2018,162,81,81,162,79,83,0,0,0,75,33,42,74,32,42,1,0,1
"East","Yorolesse",46,"Jul",2018,296,148,148,254,147,107,42,24,18,237,137,100,236,136,100,1,1,0
"East","Yorolesse",46,"Aug",2018,358,179,179,343,178,165,15,8,7,322,147,175,320,146,174,2,1,1
"East","Yorolesse",46,"Sep",2018,447,220,227,347,218,129,100,63,37,352,170,182,350,168,182,2,1,1
"East","Yorolesse",46,"Oct",2018,205,102,103,154,102,52,51,34,17,167,84,83,166,83,83,1,1,0
"East","Yorolesse",46,"Nov",2018,166,82,84,128,82,46,38,24,14,93,45,48,93,45,48,0,0,0
"East","Yorolesse",46,"Dec",2018,379,190,189,282,189,93,97,65,32,270,138,132,269,138,131,1,1,0
"North Coast","Lalaba",47,"Jan",2018,311,159,152,197,158,39,114,91,23,207,115,92,202,115,87,5,3,2
"North Coast","Lalaba",47,"Feb",2018,171,87,84,116,87,29,55,41,14,68,34,34,66,33,33,2,1,1
"North Coast","Lalaba",47,"Mar",2018,293,148,145,205,148,57,88,63,25,222,106,116,215,106,109,7,3,4
"North Coast","Lalaba",47,"Apr",2018,136,70,66,101,70,31,35,24,11,97,43,54,95,43,52,2,1,1
"North Coast","Lalaba",47,"May",2018,105,53,52,79,53,26,26,17,9,67,28,39,65,28,37,2,1,1
"North Coast","Lalaba",47,"Jun",2018,184,92,92,135,92,43,49,33,16,139,63,76,138,63,75,1,0,1
"North Coast","Lalaba",47,"Jul",2018,724,360,364,555,359,196,169,109,60,473,231,242,462,230,232,11,5,6
"North Coast","Lalaba",47,"Aug",2018,288,135,153,250,135,115,38,20,18,207,78,129,204,77,127,3,1,2
"North Coast","Lalaba",47,"Sep",2018,828,393,435,623,392,231,205,129,76,640,262,378,633,262,371,7,3,4
"North Coast","Lalaba",47,"Oct",2018,215,103,112,159,103,56,56,36,20,191,81,110,190,81,109,1,0,1
"North Coast","Lalaba",47,"Nov",2018,1333,661,672,958,660,298,375,258,117,1045,475,570,1032,474,558,13,6,7
"North Coast","Lalaba",47,"Dec",2018,259,131,128,159,131,28,100,82,18,165,95,70,164,95,69,1,1,0
"West","Yenagbo",48,"Jan",2018,61,29,32,50,29,21,11,6,5,42,17,25,41,17,24,1,0,1
"West","Yenagbo",48,"Feb",2018,417,198,219,327,197,130,90,54,36,218,82,136,212,81,131,6,2,4
"West","Yenagbo",48,"Mar",2018,250,120,130,228,118,110,22,11,11,155,58,97,150,56,94,5,2,3
"West","Yenagbo",48,"Apr",2018,422,202,220,349,199,150,73,42,31,157,53,104,152,51,101,5,2,3
"West","Yenagbo",48,"May",2018,82,40,42,67,39,28,15,9,6,51,19,32,49,18,31,2,1,1
"West","Yenagbo",48,"Jun",2018,300,143,157,233,141,92,67,40,27,241,92,149,232,90,142,9,4,5
"West","Yenagbo",48,"Jul",2018,128,61,67,100,60,40,28,17,11,77,38,39,75,38,37,2,1,1
"West","Yenagbo",48,"Aug",2018,645,292,353,643,287,356,2,1,1,403,130,273,397,128,269,6,2,4
"West","Yenagbo",48,"Sep",2018,734,333,401,690,329,361,44,21,23,590,191,399,576,188,388,14,5,9
"West","Yenagbo",48,"Oct",2018,308,136,172,258,134,124,50,26,24,152,51,101,149,51,98,3,1,2
"West","Yenagbo",48,"Nov",2018,123,55,68,108,54,54,15,8,7,93,30,63,91,29,62,2,1,1
"West","Yenagbo",48,"Dec",2018,594,283,311,473,281,192,121,72,49,449,217,232,440,215,225,9,4,5
"Central","Winnedua",49,"Jan",2018,587,277,310,434,271,163,153,96,57,393,172,221,378,169,209,15,7,8
"Central","Winnedua",49,"Feb",2018,127,61,66,81,59,22,46,34,12,113,52,61,108,51,57,5,2,3
"Central","Winnedua",49,"Mar",2018,179,86,93,123,84,39,56,38,18,147,64,83,137,62,75,10,5,5
"Central","Winnedua",49,"Apr",2018,216,106,110,152,101,51,64,43,21,104,51,53,98,50,48,6,3,3
"Central","Winnedua",49,"May",2018,258,125,133,186,121,65,72,47,25,147,76,71,139,74,65,8,4,4
"Central","Winnedua",49,"Jun",2018,224,110,114,158,108,50,66,45,21,162,82,80,154,81,73,8,4,4
"Central","Winnedua",49,"Jul",2018,548,265,283,410,259,151,138,87,51,419,204,215,404,201,203,15,7,8
"Central","Winnedua",49,"Aug",2018,307,141,166,247,139,108,60,34,26,233,91,142,227,90,137,6,2,4
"Central","Winnedua",49,"Sep",2018,679,316,363,571,310,261,108,59,49,539,219,320,517,215,302,22,9,13
"Central","Winnedua",49,"Oct",2018,446,200,246,376,198,178,70,37,33,305,113,192,296,112,184,9,3,6
"Central","Winnedua",49,"Nov",2018,553,254,299,511,249,262,42,20,22,394,139,255,380,137,243,14,5,9
"Central","Winnedua",49,"Dec",2018,698,333,365,592,327,265,106,59,47,478,200,278,464,196,268,14,6,8
"East","Mabangata",50,"Jan",2018,178,90,88,126,90,36,52,37,15,158,81,77,155,81,74,3,2,1
"East","Mabangata",50,"Feb",2018,73,37,36,53,37,16,20,14,6,43,22,21,42,22,20,1,1,0
"East","Mabangata",50,"Mar",2018,105,53,52,80,53,27,25,16,9,66,32,34,65,32,33,1,0,1
"East","Mabangata",50,"Apr",2018,312,155,157,230,154,76,82,55,27,179,86,93,176,86,90,3,1,2
"East","Mabangata",50,"May",2018,146,72,74,107,71,36,39,26,13,122,60,62,118,59,59,4,2,2
"East","Mabangata",50,"Jun",2018,200,98,102,143,97,46,57,39,18,155,78,77,151,77,74,4,2,2
"East","Mabangata",50,"Jul",2018,227,112,115,154,112,42,73,53,20,152,91,61,150,91,59,2,1,1
"East","Mabangata",50,"Aug",2018,69,34,35,49,33,16,20,14,6,53,27,26,53,27,26,0,0,0
"East","Mabangata",50,"Sep",2018,167,83,84,110,82,28,57,43,14,116,65,51,115,65,50,1,1,0
"East","Mabangata",50,"Oct",2018,397,200,197,257,198,59,140,108,32,256,144,112,252,143,109,4,2,2
"East","Mabangata",50,"Nov",2018,654,332,322,420,326,94,234,182,52,546,291,255,536,289,247,10,5,5
"East","Mabangata",50,"Dec",2018,467,229,238,304,226,78,163,121,42,334,179,155,328,178,150,6,3,3
"North Coast","Buseli",51,"Jan",2018,1,0,1,1,1,0,0,0,0,0,0,0,0,0,0,0,0,0
"North Coast","Buseli",51,"Feb",2018,275,137,138,200,137,63,75,51,24,169,82,87,168,81,87,1,0,1
"North Coast","Buseli",51,"Mar",2018,118,59,59,89,59,30,29,19,10,67,30,37,66,30,36,1,0,1
"North Coast","Buseli",51,"Apr",2018,243,121,122,198,120,78,45,27,18,162,71,91,161,71,90,1,0,1
"North Coast","Buseli",51,"May",2018,203,102,101,158,102,56,45,29,16,91,41,50,90,41,49,1,0,1
"North Coast","Buseli",51,"Jun",2018,193,96,97,154,96,58,39,24,15,125,56,69,124,56,68,1,0,1
"North Coast","Buseli",51,"Jul",2018,348,170,178,281,170,111,67,41,26,274,141,133,268,141,127,6,3,3
"North Coast","Buseli",51,"Aug",2018,194,90,104,167,90,77,27,14,13,180,68,112,179,68,111,1,0,1
"North Coast","Buseli",51,"Sep",2018,740,345,395,539,345,194,201,129,72,513,211,302,510,211,299,3,1,2
"North Coast","Buseli",51,"Oct",2018,117,55,62,77,55,22,40,28,12,102,47,55,102,47,55,0,0,0
"North Coast","Buseli",51,"Nov",2018,81,38,43,53,38,15,28,20,8,54,22,32,54,23,31,0,0,0
"North Coast","Buseli",51,"Dec",2018,519,263,256,328,263,65,191,153,38,336,187,149,334,186,148,2,1,1
"West","Kokam",52,"Jan",2018,93,46,47,70,46,24,23,15,8,35,17,18,34,16,18,1,0,1
"West","Kokam",52,"Feb",2018,145,71,74,115,71,44,30,18,12,100,45,55,98,45,53,2,1,1
"West","Kokam",52,"Mar",2018,316,157,159,268,156,112,48,28,20,194,84,110,189,83,106,5,2,3
"West","Kokam",52,"Apr",2018,146,73,73,120,73,47,26,16,10,91,38,53,89,38,51,2,1,1
"West","Kokam",52,"May",2018,91,45,46,75,45,30,16,10,6,63,29,34,62,29,33,1,0,1
"West","Kokam",52,"Jun",2018,261,129,132,199,128,71,62,40,22,238,109,129,231,108,123,7,3,4
"West","Kokam",52,"Jul",2018,279,137,142,217,137,80,62,39,23,227,115,112,219,115,104,8,4,4
"West","Kokam",52,"Aug",2018,762,355,407,669,355,314,93,49,44,659,246,413,652,246,406,7,3,4
"West","Kokam",52,"Sep",2018,222,105,117,181,106,75,41,24,17,154,63,91,152,63,89,2,1,1
"West","Kokam",52,"Oct",2018,552,265,287,408,264,144,144,93,51,391,173,218,380,172,208,11,5,6
"West","Kokam",52,"Nov",2018,275,135,140,201,134,67,74,49,25,199,88,111,193,88,105,6,3,3
"West","Kokam",52,"Dec",2018,475,239,236,325,234,91,150,108,42,393,210,183,388,209,179,5,3,2
"North Coast","Lalaba",53,"Jan",2018,430,219,211,273,219,54,157,126,31,317,176,141,309,175,134,8,5,3
"North Coast","Lalaba",53,"Feb",2018,418,213,205,283,213,70,135,102,33,304,151,153,297,150,147,7,4,3
"North Coast","Lalaba",53,"Mar",2018,115,58,57,80,58,22,35,25,10,42,20,22,41,20,21,1,0,1
"North Coast","Lalaba",53,"Apr",2018,443,227,216,328,226,102,115,79,36,301,135,166,294,134,160,7,3,4
"North Coast","Lalaba",53,"May",2018,175,89,86,132,89,43,43,29,14,149,62,87,145,62,83,4,2,2
"North Coast","Lalaba",53,"Jun",2018,102,51,51,75,51,24,27,18,9,58,26,32,57,26,31,1,0,1
"North Coast","Lalaba",53,"Jul",2018,1135,564,571,870,562,308,265,171,94,747,365,382,729,364,365,18,9,9
"North Coast","Lalaba",53,"Aug",2018,225,105,120,195,105,90,30,16,14,183,69,114,180,68,112,3,1,2
"North Coast","Lalaba",53,"Sep",2018,528,250,278,398,250,148,130,82,48,366,150,216,362,150,212,4,2,2
"North Coast","Lalaba",53,"Oct",2018,207,99,108,153,99,54,54,35,19,155,66,89,154,66,88,1,0,1
"North Coast","Lalaba",53,"Nov",2018,1248,619,629,897,618,279,351,242,109,914,415,499,902,414,488,12,6,6
"North Coast","Lalaba",53,"Dec",2018,168,85,83,103,85,18,65,54,11,151,87,64,150,87,63,1,1,0
"East","Yorolesse",54,"Jan",2018,223,112,111,186,109,77,37,22,15,78,38,40,76,37,39,2,1,1
"East","Yorolesse",54,"Feb",2018,20,10,10,17,10,7,3,2,1,10,5,5,10,5,5,0,0,0
"East","Yorolesse",54,"Mar",2018,213,106,107,178,106,72,35,21,14,167,71,96,166,71,95,1,0,1
"East","Yorolesse",54,"Apr",2018,412,210,202,392,210,182,20,11,9,200,82,118,199,81,118,1,0,1
"East","Yorolesse",54,"May",2018,127,73,54,113,73,40,14,9,5,61,22,39,61,22,39,0,0,0
"East","Yorolesse",54,"Jun",2018,164,82,82,164,80,84,0,0,0,113,49,64,112,49,63,1,0,1
"East","Yorolesse",54,"Jul",2018,124,62,62,106,61,45,18,10,8,67,39,28,67,39,28,0,0,0
"East","Yorolesse",54,"Aug",2018,421,211,210,404,209,195,17,9,8,326,149,177,324,148,176,2,1,1
"East","Yorolesse",54,"Sep",2018,389,191,198,302,190,112,87,55,32,275,133,142,273,131,142,2,1,1
"East","Yorolesse",54,"Oct",2018,679,337,342,510,336,174,169,111,58,529,265,264,527,264,263,2,1,1
"East","Yorolesse",54,"Nov",2018,341,169,172,263,168,95,78,50,28,255,124,131,254,124,130,1,0,1
"East","Yorolesse",54,"Dec",2018,517,259,258,385,258,127,132,88,44,390,200,190,388,199,189,2,1,1
"North Coast","Yumka",55,"Jan",2018,257,124,133,186,123,63,71,47,24,181,82,99,181,82,99,0,0,0
"North Coast","Yumka",55,"Feb",2018,56,27,29,42,27,15,14,9,5,52,24,28,52,24,28,0,0,0
"North Coast","Yumka",55,"Mar",2018,146,72,74,115,72,43,31,19,12,77,33,44,77,33,44,0,0,0
"North Coast","Yumka",55,"Apr",2018,385,190,195,305,190,115,80,50,30,235,98,137,235,98,137,0,0,0
"North Coast","Yumka",55,"May",2018,167,83,84,134,82,52,33,20,13,123,48,75,122,48,74,1,0,1
"North Coast","Yumka",55,"Jun",2018,121,58,63,94,58,36,27,17,10,70,30,40,70,30,40,0,0,0
"North Coast","Yumka",55,"Jul",2018,110,53,57,87,53,34,23,14,9,73,38,35,73,38,35,0,0,0
"North Coast","Yumka",55,"Aug",2018,242,108,134,213,107,106,29,15,14,201,57,144,201,57,144,0,0,0
"North Coast","Yumka",55,"Sep",2018,589,274,315,454,272,182,135,81,54,518,207,311,517,207,310,1,0,1
"North Coast","Yumka",55,"Oct",2018,419,200,219,313,199,114,106,67,39,307,134,173,307,134,173,0,0,0
"North Coast","Yumka",55,"Nov",2018,344,168,176,256,167,89,88,58,30,306,121,185,305,121,184,1,0,1
"North Coast","Yumka",55,"Dec",2018,229,113,116,159,113,46,70,50,20,134,69,65,134,69,65,0,0,0
"Central","Niaya",56,"Jan",2018,423,196,227,325,189,136,98,57,41,250,102,148,232,98,134,18,8,10
"Central","Niaya",56,"Feb",2018,168,81,87,134,78,56,34,20,14,120,50,70,115,48,67,5,2,3
"Central","Niaya",56,"Mar",2018,314,148,166,278,142,136,36,18,18,242,98,144,231,95,136,11,5,6
"Central","Niaya",56,"Apr",2018,300,144,156,231,137,94,69,41,28,199,91,108,190,88,102,9,4,5
"Central","Niaya",56,"May",2018,362,173,189,276,167,109,86,52,34,206,93,113,196,91,105,10,5,5
"Central","Niaya",56,"Jun",2018,490,235,255,374,228,146,116,71,45,269,122,147,262,121,141,7,3,4
"Central","Niaya",56,"Jul",2018,380,180,200,322,176,146,58,32,26,262,110,152,256,109,147,6,3,3
"Central","Niaya",56,"Aug",2018,702,319,383,579,307,272,123,65,58,527,197,330,518,195,323,9,3,6
"Central","Niaya",56,"Sep",2018,398,178,220,320,175,145,78,43,35,234,89,145,229,88,141,5,2,3
"Central","Niaya",56,"Oct",2018,1030,458,572,868,451,417,162,84,78,827,295,532,799,293,506,28,10,18
"Central","Niaya",56,"Nov",2018,1025,465,560,844,456,388,181,98,83,730,262,468,716,260,456,14,5,9
"Central","Niaya",56,"Dec",2018,909,425,484,706,411,295,203,118,85,737,299,438,700,288,412,37,15,22
"North Coast","Buseli",57,"Jan",2018,74,37,37,54,37,17,20,14,6,48,24,24,48,24,24,0,0,0
"North Coast","Buseli",57,"Feb",2018,234,117,117,170,116,54,64,44,20,194,94,100,193,93,100,1,0,1
"North Coast","Buseli",57,"Mar",2018,294,148,146,221,147,74,73,49,24,162,74,88,161,73,88,1,0,1
"North Coast","Buseli",57,"Apr",2018,93,46,47,76,46,30,17,10,7,20,9,11,20,9,11,0,0,0
"North Coast","Buseli",57,"May",2018,148,75,73,115,74,41,33,21,12,116,53,63,115,52,63,1,0,1
"North Coast","Buseli",57,"Jun",2018,266,133,133,213,132,81,53,33,20,148,66,82,147,66,81,1,0,1
"North Coast","Buseli",57,"Jul",2018,506,248,258,409,247,162,97,59,38,318,164,154,311,163,148,7,4,3
"North Coast","Buseli",57,"Aug",2018,514,238,276,443,238,205,71,38,33,481,181,300,478,181,297,3,1,2
"North Coast","Buseli",57,"Sep",2018,1356,632,724,987,631,356,369,236,133,944,388,556,938,388,550,6,2,4
"North Coast","Buseli",57,"Oct",2018,188,88,100,124,88,36,64,46,18,138,64,74,138,64,74,0,0,0
"North Coast","Buseli",57,"Nov",2018,438,206,232,285,205,80,153,110,43,307,127,180,305,127,178,2,1,1
"North Coast","Buseli",57,"Dec",2018,597,302,295,377,302,75,220,176,44,425,236,189,423,236,187,2,1,1
"West","Cadagudeey",58,"Jan",2018,440,215,225,262,211,51,178,143,35,345,165,180,337,165,172,8,4,4
"West","Cadagudeey",58,"Feb",2018,236,117,119,149,116,33,87,68,19,185,84,101,182,84,98,3,1,2
"West","Cadagudeey",58,"Mar",2018,297,149,148,198,149,49,99,74,25,185,88,97,182,88,94,3,1,2
"West","Cadagudeey",58,"Apr",2018,197,100,97,136,100,36,61,45,16,117,58,59,117,58,59,0,0,0
"West","Cadagudeey",58,"May",2018,122,60,62,81,60,21,41,30,11,65,31,34,65,31,34,0,0,0
"West","Cadagudeey",58,"Jun",2018,109,55,54,78,54,24,31,22,9,98,52,46,98,52,46,0,0,0
"West","Cadagudeey",58,"Jul",2018,429,211,218,271,211,60,158,123,35,362,203,159,361,203,158,1,1,0
"West","Cadagudeey",58,"Aug",2018,1228,588,640,903,588,315,325,212,113,800,339,461,796,338,458,4,2,2
"West","Cadagudeey",58,"Sep",2018,367,173,194,253,172,81,114,77,37,298,118,180,297,118,179,1,0,1
"West","Cadagudeey",58,"Oct",2018,162,77,85,108,77,31,54,39,15,103,47,56,102,47,55,1,0,1
"West","Cadagudeey",58,"Nov",2018,185,92,93,127,92,35,58,42,16,169,83,86,168,83,85,1,0,1
"West","Cadagudeey",58,"Dec",2018,696,353,343,454,353,101,242,188,54,558,322,236,550,322,228,8,5,3
"East","Dakoga",59,"Jan",2018,168,80,88,143,80,63,25,14,11,103,43,60,103,43,60,0,0,0
"East","Dakoga",59,"Feb",2018,147,72,75,118,71,47,29,18,11,115,47,68,114,46,68,1,0,1
"East","Dakoga",59,"Mar",2018,170,84,86,133,83,50,37,23,14,110,46,64,109,45,64,1,0,1
"East","Dakoga",59,"Apr",2018,506,248,258,453,246,207,53,29,24,257,105,152,255,104,151,2,1,1
"East","Dakoga",59,"May",2018,31,16,15,29,15,14,2,1,1,19,7,12,19,7,12,0,0,0
"East","Dakoga",59,"Jun",2018,44,21,23,42,21,21,2,1,1,13,5,8,13,5,8,0,0,0
"East","Dakoga",59,"Jul",2018,426,205,221,426,139,287,0,0,0,314,138,176,313,138,175,1,0,1
"East","Dakoga",59,"Aug",2018,384,174,210,376,173,203,8,4,4,310,101,209,309,101,208,1,0,1
"East","Dakoga",59,"Sep",2018,602,272,330,517,269,248,85,44,41,420,150,270,419,149,270,1,0,1
"East","Dakoga",59,"Oct",2018,78,36,42,62,36,26,16,9,7,64,23,41,64,23,41,0,0,0
"East","Dakoga",59,"Nov",2018,357,166,191,276,165,111,81,48,33,273,107,166,271,106,165,2,1,1
"East","Dakoga",59,"Dec",2018,252,122,130,208,121,87,44,26,18,168,70,98,167,70,97,1,0,1
"North Coast","Lalaba",60,"Jan",2018,331,169,162,210,168,42,121,97,24,248,138,110,242,137,105,6,3,3
"North Coast","Lalaba",60,"Feb",2018,527,269,258,356,268,88,171,129,42,380,188,192,371,187,184,9,5,4
"North Coast","Lalaba",60,"Mar",2018,277,140,137,194,140,54,83,60,23,183,88,95,177,87,90,6,3,3
"North Coast","Lalaba",60,"Apr",2018,360,184,176,267,184,83,93,64,29,207,93,114,202,92,110,5,2,3
"North Coast","Lalaba",60,"May",2018,180,91,89,136,91,45,44,30,14,128,54,74,125,54,71,3,1,2
"North Coast","Lalaba",60,"Jun",2018,183,92,91,134,91,43,49,33,16,104,47,57,103,47,56,1,0,1
"North Coast","Lalaba",60,"Jul",2018,150,74,76,115,74,41,35,23,12,112,55,57,109,54,55,3,1,2
"North Coast","Lalaba",60,"Aug",2018,761,356,405,659,355,304,102,55,47,604,226,378,595,226,369,9,3,6
"North Coast","Lalaba",60,"Sep",2018,595,282,313,448,282,166,147,92,55,444,182,262,439,181,258,5,2,3
"North Coast","Lalaba",60,"Oct",2018,570,273,297,421,273,148,149,96,53,466,198,268,464,198,266,2,1,1
"North Coast","Lalaba",60,"Nov",2018,191,95,96,137,94,43,54,37,17,97,44,53,96,44,52,1,0,1
"North Coast","Lalaba",60,"Dec",2018,118,60,58,72,59,13,46,38,8,95,54,41,94,54,40,1,1,0
"Plains","Madinbinda",61,"Jan",2018,77,39,38,60,38,22,17,11,6,31,15,16,31,15,16,0,0,0
"Plains","Madinbinda",61,"Feb",2018,81,40,41,63,41,22,18,12,6,65,30,35,65,30,35,0,0,0
"Plains","Madinbinda",61,"Mar",2018,93,46,47,74,46,28,19,12,7,50,22,28,50,22,28,0,0,0
"Plains","Madinbinda",61,"Apr",2018,184,90,94,166,90,76,18,10,8,120,46,74,119,45,74,1,0,1
"Plains","Madinbinda",61,"May",2018,219,105,114,198,105,93,21,11,10,162,60,102,162,60,102,0,0,0
"Plains","Madinbinda",61,"Jun",2018,82,40,42,68,40,28,14,8,6,31,14,17,31,14,17,0,0,0
"Plains","Madinbinda",61,"Jul",2018,656,326,330,455,326,129,201,144,57,493,281,212,488,281,207,5,3,2
"Plains","Madinbinda",61,"Aug",2018,497,240,257,390,240,150,107,66,41,349,152,197,346,152,194,3,1,2
"Plains","Madinbinda",61,"Sep",2018,667,326,341,486,324,162,181,121,60,545,246,299,535,245,290,10,5,5
"Plains","Madinbinda",61,"Oct",2018,726,362,364,590,361,229,136,83,53,591,269,322,584,269,315,7,3,4
"Plains","Madinbinda",61,"Nov",2018,613,307,306,479,306,173,134,86,48,447,204,243,443,203,240,4,2,2
"Plains","Madinbinda",61,"Dec",2018,370,187,183,262,187,75,108,77,31,234,128,106,231,127,104,3,2,1
"West","Yenagbo",62,"Jan",2018,166,80,86,137,78,59,29,17,12,61,25,36,59,24,35,2,1,1
"West","Yenagbo",62,"Feb",2018,463,220,243,363,218,145,100,60,40,232,88,144,226,86,140,6,2,4
"West","Yenagbo",62,"Mar",2018,148,71,77,135,70,65,13,7,6,93,35,58,90,34,56,3,1,2
"West","Yenagbo",62,"Apr",2018,241,115,126,199,114,85,42,24,18,155,52,103,150,51,99,5,2,3
"West","Yenagbo",62,"May",2018,102,50,52,83,49,34,19,11,8,72,26,46,70,26,44,2,1,1
"West","Yenagbo",62,"Jun",2018,401,191,210,312,189,123,89,54,35,147,56,91,141,55,86,6,2,4
"West","Yenagbo",62,"Jul",2018,623,298,325,485,292,193,138,83,55,521,258,263,507,255,252,14,7,7
"West","Yenagbo",62,"Aug",2018,890,403,487,887,396,491,3,1,2,737,237,500,726,235,491,11,4,7
"West","Yenagbo",62,"Sep",2018,558,253,305,525,250,275,33,16,17,437,142,295,427,140,287,10,3,7
"West","Yenagbo",62,"Oct",2018,779,343,436,653,340,313,126,66,60,490,166,324,482,165,317,8,3,5
"West","Yenagbo",62,"Nov",2018,900,403,497,793,399,394,107,54,53,664,211,453,650,208,442,14,4,10
"West","Yenagbo",62,"Dec",2018,265,126,139,211,125,86,54,32,22,198,96,102,194,95,99,4,2,2
"North Coast","Lastouni",63,"Jan",2018,421,212,209,291,212,79,130,95,35,257,139,118,253,139,114,4,2,2
"North Coast","Lastouni",63,"Feb",2018,370,186,184,264,186,78,106,74,32,330,160,170,325,160,165,5,2,3
"North Coast","Lastouni",63,"Mar",2018,74,38,36,52,37,15,22,16,6,66,31,35,65,31,34,1,0,1
"North Coast","Lastouni",63,"Apr",2018,188,95,93,135,95,40,53,37,16,120,54,66,118,54,64,2,1,1
"North Coast","Lastouni",63,"May",2018,271,136,135,194,135,59,77,54,23,149,66,83,146,67,79,3,1,2
"North Coast","Lastouni",63,"Jun",2018,162,80,82,114,80,34,48,34,14,106,48,58,103,48,55,3,1,2
"North Coast","Lastouni",63,"Jul",2018,189,94,95,146,94,52,43,28,15,116,61,55,114,61,53,2,1,1
"North Coast","Lastouni",63,"Aug",2018,540,243,297,485,243,242,55,28,27,357,125,232,353,125,228,4,1,3
"North Coast","Lastouni",63,"Sep",2018,769,340,429,565,340,225,204,123,81,559,214,345,553,214,339,6,2,4
"North Coast","Lastouni",63,"Oct",2018,729,334,395,515,334,181,214,139,75,619,268,351,613,267,346,6,3,3
"North Coast","Lastouni",63,"Nov",2018,327,158,169,222,158,64,105,75,30,281,124,157,277,124,153,4,2,2
"North Coast","Lastouni",63,"Dec",2018,648,328,320,422,328,94,226,176,50,500,266,234,495,266,229,5,3,2
"Central","Mbono",64,"Jan",2018,56,23,33,40,21,19,16,8,8,28,9,19,21,8,13,7,3,4
"Central","Mbono",64,"Feb",2018,107,44,63,73,39,34,34,18,16,45,15,30,37,14,23,8,3,5
"Central","Mbono",64,"Mar",2018,147,63,84,100,58,42,47,27,20,73,27,46,68,26,42,5,2,3
"Central","Mbono",64,"Apr",2018,353,164,189,281,156,125,72,40,32,191,84,107,180,82,98,11,5,6
"Central","Mbono",64,"May",2018,58,26,32,45,24,21,13,7,6,56,24,32,51,23,28,5,2,3
"Central","Mbono",64,"Jun",2018,239,108,131,202,102,100,37,19,18,171,68,103,153,65,88,18,8,10
"Central","Mbono",64,"Jul",2018,260,114,146,229,104,125,31,14,17,210,66,144,188,61,127,22,7,15
"Central","Mbono",64,"Aug",2018,599,237,362,528,215,313,71,29,42,328,95,233,293,90,203,35,11,24
"Central","Mbono",64,"Sep",2018,674,256,418,669,228,441,5,2,3,553,131,422,468,114,354,85,21,64
"Central","Mbono",64,"Oct",2018,304,103,201,282,95,187,22,7,15,298,57,241,268,53,215,30,6,24
"Central","Mbono",64,"Nov",2018,659,237,422,584,222,362,75,29,46,500,105,395,433,98,335,67,15,52
"Central","Mbono",64,"Dec",2018,575,230,345,571,202,369,4,1,3,451,138,313,372,120,252,79,25,54
"Central","Buoadara",65,"Jan",2018,223,111,112,143,109,34,80,61,19,215,106,109,213,105,108,2,1,1
"Central","Buoadara",65,"Feb",2018,185,95,90,122,94,28,63,48,15,106,50,56,105,50,55,1,0,1
"Central","Buoadara",65,"Mar",2018,120,59,61,90,59,31,30,20,10,75,32,43,74,32,42,1,0,1
"Central","Buoadara",65,"Apr",2018,152,78,74,128,76,52,24,14,10,107,43,64,106,42,64,1,0,1
"Central","Buoadara",65,"May",2018,97,48,49,88,48,40,9,5,4,68,28,40,68,28,40,0,0,0
"Central","Buoadara",65,"Jun",2018,272,134,138,213,132,81,59,37,22,188,81,107,186,81,105,2,1,1
"Central","Buoadara",65,"Jul",2018,797,383,414,613,381,232,184,114,70,572,283,289,569,281,288,3,1,2
"Central","Buoadara",65,"Aug",2018,494,226,268,412,224,188,82,45,37,406,156,250,404,155,249,2,1,1
"Central","Buoadara",65,"Sep",2018,1134,527,607,820,516,304,314,198,116,925,392,533,921,390,531,4,2,2
"Central","Buoadara",65,"Oct",2018,555,263,292,382,262,120,173,119,54,387,178,209,386,177,209,1,0,1
"Central","Buoadara",65,"Nov",2018,828,401,427,547,396,151,281,203,78,515,233,282,511,231,280,4,2,2
"Central","Buoadara",65,"Dec",2018,312,155,157,197,154,43,115,90,25,175,86,89,174,86,88,1,0,1
"Cascades","Malemkolela",66,"Jan",2018,257,118,139,208,118,90,49,28,21,113,46,67,113,46,67,0,0,0
"Cascades","Malemkolela",66,"Feb",2018,258,121,137,214,120,94,44,25,19,150,61,89,149,61,88,1,0,1
"Cascades","Malemkolela",66,"Mar",2018,195,94,101,184,94,90,11,6,5,99,38,61,98,38,60,1,0,1
"Cascades","Malemkolela",66,"Apr",2018,71,35,36,69,34,35,2,1,1,38,14,24,38,14,24,0,0,0
"Cascades","Malemkolela",66,"May",2018,218,104,114,200,104,96,18,9,9,126,45,81,125,45,80,1,0,1
"Cascades","Malemkolela",66,"Jun",2018,275,133,142,222,132,90,53,32,21,195,106,89,194,105,89,1,1,0
"Cascades","Malemkolela",66,"Jul",2018,130,62,68,102,62,40,28,17,11,69,33,36,69,33,36,0,0,0
"Cascades","Malemkolela",66,"Aug",2018,805,354,451,703,350,353,102,51,51,456,153,303,452,152,300,4,1,3
"Cascades","Malemkolela",66,"Sep",2018,542,240,302,477,238,239,65,32,33,444,135,309,441,134,307,3,1,2
"Cascades","Malemkolela",66,"Oct",2018,695,309,386,622,308,314,73,36,37,489,149,340,487,149,338,2,1,1
"Cascades","Malemkolela",66,"Nov",2018,347,159,188,345,159,186,2,1,1,197,59,138,197,59,138,0,0,0
"Cascades","Malemkolela",66,"Dec",2018,344,165,179,303,165,138,41,22,19,282,123,159,281,122,159,1,0,1
"East","Gakingo",67,"Jan",2018,76,38,38,59,37,22,17,11,6,16,8,8,16,8,8,0,0,0
"East","Gakingo",67,"Feb",2018,119,59,60,95,59,36,24,15,9,75,36,39,74,36,38,1,0,1
"East","Gakingo",67,"Mar",2018,118,60,58,93,59,34,25,16,9,74,35,39,73,35,38,1,0,1
"East","Gakingo",67,"Apr",2018,18,9,9,14,9,5,4,2,2,8,4,4,8,4,4,0,0,0
"East","Gakingo",67,"May",2018,173,86,87,131,86,45,42,27,15,170,76,94,167,76,91,3,1,2
"East","Gakingo",67,"Jun",2018,333,165,168,257,165,92,76,49,27,225,109,116,220,109,111,5,2,3
"East","Gakingo",67,"Jul",2018,383,187,196,285,187,98,98,64,34,258,148,110,255,147,108,3,2,1
"East","Gakingo",67,"Aug",2018,102,49,53,74,49,25,28,18,10,68,32,36,67,32,35,1,0,1
"East","Gakingo",67,"Sep",2018,782,389,393,598,389,209,184,120,64,578,301,277,567,301,266,11,6,5
"East","Gakingo",67,"Oct",2018,299,149,150,199,149,50,100,75,25,231,117,114,228,117,111,3,2,1
"East","Gakingo",67,"Nov",2018,393,196,197,275,196,79,118,84,34,220,108,112,214,108,106,6,3,3
"East","Gakingo",67,"Dec",2018,333,167,166,242,165,77,91,62,29,203,105,98,200,105,95,3,2,1
"Central","Laoye",68,"Jan",2018,114,54,60,101,53,48,13,7,6,75,30,45,74,30,44,1,0,1
"Central","Laoye",68,"Feb",2018,303,146,157,256,143,113,47,26,21,200,82,118,198,81,117,2,1,1
"Central","Laoye",68,"Mar",2018,66,31,35,53,30,23,13,7,6,37,15,22,36,15,21,1,0,1
"Central","Laoye",68,"Apr",2018,451,215,236,367,210,157,84,48,36,208,99,109,202,97,105,6,3,3
"Central","Laoye",68,"May",2018,114,55,59,94,53,41,20,11,9,62,28,34,61,28,33,1,0,1
"Central","Laoye",68,"Jun",2018,274,126,148,216,123,93,58,33,25,214,91,123,209,90,119,5,2,3
"Central","Laoye",68,"Jul",2018,507,237,270,458,234,224,49,25,24,428,175,253,423,174,249,5,2,3
"Central","Laoye",68,"Aug",2018,48,22,26,44,21,23,4,2,2,34,12,22,34,12,22,0,0,0
"Central","Laoye",68,"Sep",2018,323,145,178,296,144,152,27,13,14,206,72,134,204,71,133,2,1,1
"Central","Laoye",68,"Oct",2018,420,185,235,408,182,226,12,5,7,339,107,232,333,106,227,6,2,4
"Central","Laoye",68,"Nov",2018,828,375,453,818,372,446,10,5,5,750,248,502,740,246,494,10,3,7
"Central","Laoye",68,"Dec",2018,832,389,443,721,384,337,111,59,52,592,233,359,586,232,354,6,2,4
"Plains","Rumoni",69,"Jan",2018,230,113,117,185,113,72,45,27,18,54,24,30,53,24,29,1,0,1
"Plains","Rumoni",69,"Feb",2018,281,139,142,224,139,85,57,35,22,138,62,76,136,62,74,2,1,1
"Plains","Rumoni",69,"Mar",2018,271,136,135,224,135,89,47,28,19,184,78,106,180,78,102,4,2,2
"Plains","Rumoni",69,"Apr",2018,344,170,174,312,169,143,32,17,15,262,105,157,254,105,149,8,3,5
"Plains","Rumoni",69,"May",2018,364,179,185,304,178,126,60,35,25,249,98,151,246,98,148,3,1,2
"Plains","Rumoni",69,"Jun",2018,99,49,50,81,49,32,18,11,7,54,23,31,53,23,30,1,0,1
"Plains","Rumoni",69,"Jul",2018,370,182,188,286,182,104,84,53,31,257,131,126,254,131,123,3,2,1
"Plains","Rumoni",69,"Aug",2018,184,86,98,153,85,68,31,17,14,134,50,84,132,50,82,2,1,1
"Plains","Rumoni",69,"Sep",2018,330,157,173,248,157,91,82,52,30,254,104,150,251,104,147,3,1,2
"Plains","Rumoni",69,"Oct",2018,238,116,122,182,115,67,56,35,21,175,83,92,172,83,89,3,1,2
"Plains","Rumoni",69,"Nov",2018,648,319,329,454,315,139,194,135,59,451,210,241,444,210,234,7,3,4
"Plains","Rumoni",69,"Dec",2018,508,259,249,355,256,99,153,110,43,357,188,169,352,187,165,5,3,2
"East","Guinikoto",70,"Jan",2018,309,153,156,232,150,82,77,50,27,189,93,96,186,92,94,3,1,2
"East","Guinikoto",70,"Feb",2018,112,56,56,85,55,30,27,18,9,77,39,38,76,38,38,1,1,0
"East","Guinikoto",70,"Mar",2018,126,63,63,89,62,27,37,26,11,61,29,32,59,28,31,2,1,1
"East","Guinikoto",70,"Apr",2018,264,131,133,208,128,80,56,34,22,168,84,84,165,82,83,3,1,2
"East","Guinikoto",70,"May",2018,144,72,72,110,70,40,34,22,12,95,48,47,94,47,47,1,1,0
"East","Guinikoto",70,"Jun",2018,94,47,47,76,46,30,18,11,7,79,43,36,77,42,35,2,1,1
"East","Guinikoto",70,"Jul",2018,287,145,142,243,140,103,44,25,19,193,101,92,190,100,90,3,2,1
"East","Guinikoto",70,"Aug",2018,575,271,304,429,268,161,146,91,55,393,153,240,390,152,238,3,1,2
"East","Guinikoto",70,"Sep",2018,518,236,282,353,232,121,165,108,57,351,132,219,347,130,217,4,2,2
"East","Guinikoto",70,"Oct",2018,153,69,84,103,69,34,50,33,17,115,43,72,114,42,72,1,0,1
"East","Guinikoto",70,"Nov",2018,385,181,204,267,177,90,118,78,40,316,122,194,312,120,192,4,2,2
"East","Guinikoto",70,"Dec",2018,260,125,135,162,123,39,98,74,24,188,81,107,186,80,106,2,1,1
"Plains","Caya",71,"Jan",2018,127,65,62,96,64,32,31,21,10,67,34,33,67,34,33,0,0,0
"Plains","Caya",71,"Feb",2018,111,55,56,77,55,22,34,24,10,73,35,38,73,36,37,0,0,0
"Plains","Caya",71,"Mar",2018,255,129,126,197,128,69,58,38,20,179,85,94,178,84,94,1,0,1
"Plains","Caya",71,"Apr",2018,394,194,200,296,193,103,98,64,34,269,120,149,269,120,149,0,0,0
"Plains","Caya",71,"May",2018,145,72,73,117,71,46,28,17,11,102,45,57,102,45,57,0,0,0
"Plains","Caya",71,"Jun",2018,381,188,193,294,187,107,87,55,32,182,92,90,181,91,90,1,1,0
"Plains","Caya",71,"Jul",2018,185,93,92,129,93,36,56,40,16,94,54,40,94,54,40,0,0,0
"Plains","Caya",71,"Aug",2018,465,231,234,349,228,121,116,76,40,336,161,175,335,161,174,1,0,1
"Plains","Caya",71,"Sep",2018,308,157,151,197,157,40,111,88,23,219,120,99,218,120,98,1,1,0
"Plains","Caya",71,"Oct",2018,168,81,87,94,81,13,74,64,10,155,84,71,155,85,70,0,0,0
"Plains","Caya",71,"Nov",2018,383,196,187,246,195,51,137,109,28,292,155,137,291,155,136,1,1,0
"Plains","Caya",71,"Dec",2018,628,343,285,370,331,39,258,231,27,468,272,196,466,271,195,2,1,1
"West","Gotou",72,"Jan",2018,114,57,57,84,57,27,30,20,10,90,45,45,90,45,45,0,0,0
"West","Gotou",72,"Feb",2018,204,102,102,156,101,55,48,31,17,161,79,82,160,79,81,1,0,1
"West","Gotou",72,"Mar",2018,349,176,173,261,175,86,88,59,29,196,94,102,194,94,100,2,1,1
"West","Gotou",72,"Apr",2018,267,135,132,217,135,82,50,31,19,184,84,100,183,84,99,1,0,1
"West","Gotou",72,"May",2018,169,85,84,138,84,54,31,19,12,130,58,72,129,57,72,1,0,1
"West","Gotou",72,"Jun",2018,168,84,84,125,84,41,43,29,14,66,34,32,66,34,32,0,0,0
"West","Gotou",72,"Jul",2018,896,458,438,584,456,128,312,244,68,659,404,255,656,404,252,3,2,1
"West","Gotou",72,"Aug",2018,140,69,71,102,70,32,38,26,12,92,48,44,92,48,44,0,0,0
"West","Gotou",72,"Sep",2018,262,131,131,183,130,53,79,56,23,201,105,96,200,105,95,1,1,0
"West","Gotou",72,"Oct",2018,240,119,121,173,118,55,67,46,21,155,81,74,155,81,74,0,0,0
"West","Gotou",72,"Nov",2018,38,19,19,27,19,8,11,8,3,23,12,11,23,12,11,0,0,0
"West","Gotou",72,"Dec",2018,331,166,165,234,166,68,97,69,28,213,121,92,212,121,91,1,1,0
"Central","Niaya",73,"Jan",2018,82,38,44,63,37,26,19,11,8,23,9,14,21,9,12,2,1,1
"Central","Niaya",73,"Feb",2018,174,83,91,139,81,58,35,20,15,156,65,91,150,63,87,6,3,3
"Central","Niaya",73,"Mar",2018,233,110,123,206,105,101,27,14,13,117,47,70,112,46,66,5,2,3
"Central","Niaya",73,"Apr",2018,178,85,93,137,81,56,41,24,17,137,62,75,131,60,71,6,3,3
"Central","Niaya",73,"May",2018,88,42,46,67,41,26,21,13,8,46,21,25,44,20,24,2,1,1
"Central","Niaya",73,"Jun",2018,68,33,35,52,32,20,16,10,6,41,19,22,40,18,22,1,0,1
"Central","Niaya",73,"Jul",2018,1145,543,602,969,529,440,176,96,80,847,355,492,826,352,474,21,9,12
"Central","Niaya",73,"Aug",2018,218,99,119,180,95,85,38,20,18,176,66,110,173,65,108,3,1,2
"Central","Niaya",73,"Sep",2018,299,133,166,241,132,109,58,32,26,207,78,129,202,78,124,5,2,3
"Central","Niaya",73,"Oct",2018,542,241,301,457,237,220,85,44,41,413,147,266,399,146,253,14,5,9
"Central","Niaya",73,"Nov",2018,616,279,337,507,274,233,109,59,50,401,144,257,393,143,250,8,3,5
"Central","Niaya",73,"Dec",2018,363,170,193,282,164,118,81,47,34,310,126,184,295,121,174,15,6,9
"East","Mabangata",74,"Jan",2018,342,174,168,242,172,70,100,71,29,195,100,95,191,100,91,4,2,2
"East","Mabangata",74,"Feb",2018,595,302,293,431,300,131,164,114,50,355,182,173,349,182,167,6,3,3
"East","Mabangata",74,"Mar",2018,85,43,42,65,43,22,20,13,7,36,17,19,35,17,18,1,0,1
"East","Mabangata",74,"Apr",2018,152,76,76,112,75,37,40,27,13,120,58,62,118,57,61,2,1,1
"East","Mabangata",74,"May",2018,62,31,31,45,30,15,17,11,6,26,13,13,25,12,13,1,0,1
"East","Mabangata",74,"Jun",2018,112,55,57,80,54,26,32,22,10,72,36,36,70,36,34,2,1,1
"East","Mabangata",74,"Jul",2018,125,62,63,85,62,23,40,29,11,70,42,28,69,42,27,1,1,0
"East","Mabangata",74,"Aug",2018,404,198,206,288,196,92,116,79,37,296,149,147,294,149,145,2,1,1
"East","Mabangata",74,"Sep",2018,1124,558,566,744,557,187,380,284,96,987,552,435,978,551,427,9,5,4
"East","Mabangata",74,"Oct",2018,532,268,264,345,266,79,187,144,43,256,144,112,252,143,109,4,2,2
"East","Mabangata",74,"Nov",2018,548,278,270,352,273,79,196,152,44,409,218,191,401,216,185,8,4,4
"East","Mabangata",74,"Dec",2018,602,296,306,392,291,101,210,156,54,420,225,195,413,224,189,7,4,3
"West","Zila",75,"Jan",2018,348,164,184,258,163,95,90,57,33,164,80,84,161,80,81,3,1,2
"West","Zila",75,"Feb",2018,118,56,62,94,56,38,24,14,10,104,44,60,102,44,58,2,1,1
"West","Zila",75,"Mar",2018,120,57,63,98,57,41,22,13,9,76,31,45,75,31,44,1,0,1
"West","Zila",75,"Apr",2018,307,145,162,271,145,126,36,19,17,130,48,82,129,48,81,1,0,1
"West","Zila",75,"May",2018,200,95,105,183,95,88,17,9,8,89,32,57,88,32,56,1,0,1
"West","Zila",75,"Jun",2018,167,78,89,134,78,56,33,19,14,133,56,77,132,56,76,1,0,1
"West","Zila",75,"Jul",2018,213,103,110,156,103,53,57,38,19,156,82,74,154,82,72,2,1,1
"West","Zila",75,"Aug",2018,698,327,371,588,327,261,110,61,49,437,185,252,435,185,250,2,1,1
"West","Zila",75,"Sep",2018,617,288,329,505,288,217,112,64,48,515,215,300,511,214,297,4,2,2
"West","Zila",75,"Oct",2018,118,55,63,95,55,40,23,13,10,102,41,61,101,41,60,1,0,1
"West","Zila",75,"Nov",2018,377,174,203,312,174,138,65,36,29,258,97,161,256,97,159,2,1,1
"West","Zila",75,"Dec",2018,548,259,289,433,259,174,115,69,46,446,207,239,443,207,236,3,1,2
"West","Mbidima",76,"Jan",2018,151,72,79,106,70,36,45,30,15,34,14,20,34,14,20,0,0,0
"West","Mbidima",76,"Feb",2018,206,102,104,145,102,43,61,43,18,127,57,70,127,57,70,0,0,0
"West","Mbidima",76,"Mar",2018,222,110,112,171,110,61,51,33,18,153,67,86,153,67,86,0,0,0
"West","Mbidima",76,"Apr",2018,110,53,57,78,53,25,32,22,10,78,35,43,78,35,43,0,0,0
"West","Mbidima",76,"May",2018,226,113,113,168,111,57,58,38,20,122,56,66,122,56,66,0,0,0
"West","Mbidima",76,"Jun",2018,180,89,91,131,87,44,49,33,16,99,49,50,98,48,50,1,0,1
"West","Mbidima",76,"Jul",2018,243,116,127,185,115,70,58,36,22,140,60,80,138,60,78,2,1,1
"West","Mbidima",76,"Aug",2018,28,13,15,24,12,12,4,2,2,15,5,10,15,5,10,0,0,0
"West","Mbidima",76,"Sep",2018,644,292,352,541,291,250,103,55,48,515,158,357,514,158,356,1,0,1
"West","Mbidima",76,"Oct",2018,473,212,261,393,210,183,80,43,37,378,134,244,372,133,239,6,2,4
"West","Mbidima",76,"Nov",2018,887,399,488,721,396,325,166,91,75,525,195,330,516,195,321,9,3,6
"West","Mbidima",76,"Dec",2018,506,243,263,386,241,145,120,75,45,459,218,241,458,217,241,1,0,1
"East","Makabondo",77,"Jan",2018,591,298,293,414,296,118,177,127,50,144,80,64,141,79,62,3,2,1
"East","Makabondo",77,"Feb",2018,562,281,281,393,279,114,169,120,49,470,237,233,459,236,223,11,6,5
"East","Makabondo",77,"Mar",2018,349,173,176,250,172,78,99,68,31,180,91,89,175,90,85,5,3,2
"East","Makabondo",77,"Apr",2018,350,176,174,243,174,69,107,77,30,266,132,134,261,132,129,5,3,2
"East","Makabondo",77,"May",2018,104,49,55,71,49,22,33,23,10,58,28,30,56,28,28,2,1,1
"East","Makabondo",77,"Jun",2018,86,43,43,59,42,17,27,19,8,58,30,28,56,30,26,2,1,1
"East","Makabondo",77,"Jul",2018,62,31,31,42,31,11,20,15,5,44,28,16,43,27,16,1,1,0
"East","Makabondo",77,"Aug",2018,189,93,96,126,92,34,63,46,17,129,68,61,128,68,60,1,1,0
"East","Makabondo",77,"Sep",2018,299,150,149,201,150,51,98,73,25,187,105,82,184,105,79,3,2,1
"East","Makabondo",77,"Oct",2018,575,291,284,391,291,100,184,137,47,491,283,208,487,282,205,4,2,2
"East","Makabondo",77,"Nov",2018,240,121,119,164,121,43,76,56,20,170,91,79,169,91,78,1,1,0
"East","Makabondo",77,"Dec",2018,346,173,173,247,172,75,99,69,30,208,114,94,206,114,92,2,1,1
"North Coast","Bwiziwo",78,"Jan",2018,49,23,26,40,24,16,9,5,4,34,13,21,34,14,20,0,0,0
"North Coast","Bwiziwo",78,"Feb",2018,156,75,81,124,75,49,32,19,13,70,29,41,69,29,40,1,0,1
"North Coast","Bwiziwo",78,"Mar",2018,195,94,101,152,93,59,43,26,17,95,37,58,92,36,56,3,1,2
"North Coast","Bwiziwo",78,"Apr",2018,478,232,246,415,232,183,63,35,28,322,117,205,316,117,199,6,2,4
"North Coast","Bwiziwo",78,"May",2018,37,18,19,32,18,14,5,3,2,13,4,9,13,5,8,0,0,0
"North Coast","Bwiziwo",78,"Jun",2018,594,279,315,502,278,224,92,51,41,255,92,163,249,92,157,6,2,4
"North Coast","Bwiziwo",78,"Jul",2018,424,205,219,375,204,171,49,27,22,399,183,216,396,183,213,3,1,2
"North Coast","Bwiziwo",78,"Aug",2018,402,183,219,368,183,185,34,17,17,345,112,233,341,112,229,4,1,3
"North Coast","Bwiziwo",78,"Sep",2018,481,222,259,391,221,170,90,51,39,368,136,232,364,136,228,4,1,3
"North Coast","Bwiziwo",78,"Oct",2018,594,280,314,467,280,187,127,76,51,520,199,321,516,199,317,4,2,2
"North Coast","Bwiziwo",78,"Nov",2018,624,296,328,448,295,153,176,116,60,397,146,251,393,146,247,4,1,3
"North Coast","Bwiziwo",78,"Dec",2018,548,270,278,406,269,137,142,94,48,384,175,209,380,175,205,4,2,2
"North Coast","Bwiziwo",79,"Jan",2018,120,58,62,97,57,40,23,14,9,75,30,45,74,30,44,1,0,1
"North Coast","Bwiziwo",79,"Feb",2018,16,8,8,13,8,5,3,2,1,9,4,5,9,4,5,0,0,0
"North Coast","Bwiziwo",79,"Mar",2018,170,82,88,133,81,52,37,23,14,133,51,82,129,51,78,4,2,2
"North Coast","Bwiziwo",79,"Apr",2018,721,350,371,626,350,276,95,53,42,271,98,173,266,98,168,5,2,3
"North Coast","Bwiziwo",79,"May",2018,287,137,150,246,137,109,41,23,18,236,81,155,232,81,151,4,1,3
"North Coast","Bwiziwo",79,"Jun",2018,178,84,94,150,83,67,28,16,12,158,57,101,155,57,98,3,1,2
"North Coast","Bwiziwo",79,"Jul",2018,185,89,96,164,89,75,21,11,10,72,33,39,71,33,38,1,0,1
"North Coast","Bwiziwo",79,"Aug",2018,536,244,292,491,244,247,45,22,23,218,71,147,216,71,145,2,1,1
"North Coast","Bwiziwo",79,"Sep",2018,500,230,270,406,230,176,94,53,41,250,92,158,247,92,155,3,1,2
"North Coast","Bwiziwo",79,"Oct",2018,140,66,74,110,66,44,30,18,12,99,38,61,98,38,60,1,0,1
"North Coast","Bwiziwo",79,"Nov",2018,122,58,64,88,58,30,34,22,12,101,37,64,100,37,63,1,0,1
"North Coast","Bwiziwo",79,"Dec",2018,133,66,67,99,66,33,34,23,11,121,55,66,120,55,65,1,0,1
"West","Bamakiary",80,"Jan",2018,194,92,102,133,89,44,61,41,20,155,66,89,148,65,83,7,3,4
"West","Bamakiary",80,"Feb",2018,154,74,80,103,73,30,51,36,15,63,30,33,60,29,31,3,1,2
"West","Bamakiary",80,"Mar",2018,534,255,279,401,248,153,133,82,51,167,73,94,159,71,88,8,4,4
"West","Bamakiary",80,"Apr",2018,294,144,150,213,141,72,81,54,27,189,88,101,181,86,95,8,4,4
"West","Bamakiary",80,"May",2018,86,42,44,66,41,25,20,12,8,37,16,21,35,16,19,2,1,1
"West","Bamakiary",80,"Jun",2018,343,166,177,251,161,90,92,59,33,119,55,64,114,54,60,5,2,3
"West","Bamakiary",80,"Jul",2018,465,222,243,336,215,121,129,83,46,333,154,179,312,144,168,21,10,11
"West","Bamakiary",80,"Aug",2018,847,389,458,679,382,297,168,94,74,606,208,398,585,203,382,21,7,14
"West","Bamakiary",80,"Sep",2018,404,182,222,328,179,149,76,41,35,283,87,196,273,86,187,10,3,7
"West","Bamakiary",80,"Oct",2018,404,175,229,352,172,180,52,25,27,307,98,209,293,95,198,14,5,9
"West","Bamakiary",80,"Nov",2018,375,166,209,351,162,189,24,11,13,300,99,201,289,97,192,11,4,7
"West","Bamakiary",80,"Dec",2018,752,358,394,626,351,275,126,71,55,556,254,302,539,250,289,17,8,9
"West","Cakure",81,"Jan",2018,144,71,73,110,71,39,34,22,12,79,35,44,77,34,43,2,1,1
"West","Cakure",81,"Feb",2018,359,174,185,272,173,99,87,55,32,221,96,125,216,95,121,5,2,3
"West","Cakure",81,"Mar",2018,244,123,121,191,122,69,53,34,19,214,99,115,209,98,111,5,2,3
"West","Cakure",81,"Apr",2018,315,159,156,264,158,106,51,31,20,259,105,154,252,104,148,7,3,4
"West","Cakure",81,"May",2018,307,150,157,263,149,114,44,25,19,189,73,116,184,73,111,5,2,3
"West","Cakure",81,"Jun",2018,213,105,108,173,104,69,40,24,16,129,56,73,124,56,68,5,2,3
"West","Cakure",81,"Jul",2018,373,180,193,272,177,95,101,66,35,288,151,137,281,149,132,7,4,3
"West","Cakure",81,"Aug",2018,572,265,307,489,263,226,83,45,38,479,177,302,472,176,296,7,3,4
"West","Cakure",81,"Sep",2018,855,400,455,751,398,353,104,55,49,648,249,399,637,248,389,11,4,7
"West","Cakure",81,"Oct",2018,679,319,360,555,316,239,124,71,53,408,166,242,403,166,237,5,2,3
"West","Cakure",81,"Nov",2018,789,364,425,619,362,257,170,99,71,504,184,320,496,182,314,8,3,5
"West","Cakure",81,"Dec",2018,420,205,215,320,204,116,100,64,36,220,110,110,217,109,108,3,2,1
"Central","Mbono",82,"Jan",2018,165,69,96,118,61,57,47,24,23,96,30,66,72,28,44,24,9,15
"Central","Mbono",82,"Feb",2018,350,145,205,237,127,110,113,61,52,302,102,200,245,90,155,57,21,36
"Central","Mbono",82,"Mar",2018,240,103,137,163,95,68,77,45,32,102,38,64,94,36,58,8,3,5
"Central","Mbono",82,"Apr",2018,39,18,21,31,17,14,8,4,4,22,10,12,21,10,11,1,0,1
"Central","Mbono",82,"May",2018,187,82,105,146,77,69,41,22,19,106,45,61,96,43,53,10,4,6
"Central","Mbono",82,"Jun",2018,28,13,15,24,12,12,4,2,2,20,8,12,18,8,10,2,1,1
"Central","Mbono",82,"Jul",2018,416,182,234,366,166,200,50,23,27,250,78,172,224,73,151,26,8,18
"Central","Mbono",82,"Aug",2018,672,266,406,592,241,351,80,33,47,483,140,343,431,132,299,52,16,36
"Central","Mbono",82,"Sep",2018,1138,433,705,1130,386,744,8,3,5,737,175,562,624,152,472,113,27,86
"Central","Mbono",82,"Oct",2018,374,126,248,347,117,230,27,9,18,328,63,265,295,59,236,33,7,26
"Central","Mbono",82,"Nov",2018,630,227,403,558,212,346,72,27,45,547,115,432,474,107,367,73,16,57
"Central","Mbono",82,"Dec",2018,532,213,319,529,187,342,3,1,2,432,132,300,356,115,241,76,24,52
"Central","Namaba",83,"Jan",2018,343,167,176,244,166,78,99,67,32,186,87,99,186,87,99,0,0,0
"Central","Namaba",83,"Feb",2018,100,50,50,66,49,17,34,25,9,46,21,25,46,21,25,0,0,0
"Central","Namaba",83,"Mar",2018,135,68,67,103,68,35,32,21,11,95,42,53,95,42,53,0,0,0
"Central","Namaba",83,"Apr",2018,76,38,38,64,37,27,12,7,5,46,17,29,46,17,29,0,0,0
"Central","Namaba",83,"May",2018,341,166,175,292,165,127,49,28,21,184,72,112,182,72,110,2,1,1
"Central","Namaba",83,"Jun",2018,198,96,102,165,95,70,33,19,14,149,63,86,149,63,86,0,0,0
"Central","Namaba",83,"Jul",2018,133,65,68,113,65,48,20,11,9,86,42,44,86,42,44,0,0,0
"Central","Namaba",83,"Aug",2018,494,229,265,457,228,229,37,18,19,367,129,238,366,129,237,1,0,1
"Central","Namaba",83,"Sep",2018,805,386,419,613,385,228,192,121,71,516,220,296,515,219,296,1,0,1
"Central","Namaba",83,"Oct",2018,479,236,243,338,235,103,141,98,43,418,189,229,416,188,228,2,1,1
"Central","Namaba",83,"Nov",2018,1025,501,524,797,499,298,228,143,85,720,302,418,715,301,414,5,2,3
"Central","Namaba",83,"Dec",2018,661,333,328,474,333,141,187,131,56,497,258,239,496,258,238,1,1,0
"West","Mbidima",84,"Jan",2018,77,37,40,54,36,18,23,15,8,57,24,33,56,24,32,1,0,1
"West","Mbidima",84,"Feb",2018,178,88,90,125,88,37,53,37,16,125,56,69,125,56,69,0,0,0
"West","Mbidima",84,"Mar",2018,205,102,103,158,101,57,47,30,17,107,47,60,107,47,60,0,0,0
"West","Mbidima",84,"Apr",2018,181,88,93,128,87,41,53,36,17,176,80,96,175,79,96,1,0,1
"West","Mbidima",84,"May",2018,70,35,35,52,34,18,18,12,6,33,15,18,33,15,18,0,0,0
"West","Mbidima",84,"Jun",2018,101,50,51,73,49,24,28,19,9,60,30,30,59,29,30,1,0,1
"West","Mbidima",84,"Jul",2018,658,315,343,500,311,189,158,98,60,430,186,244,425,184,241,5,2,3
"West","Mbidima",84,"Aug",2018,368,164,204,319,163,156,49,25,24,197,61,136,196,61,135,1,0,1
"West","Mbidima",84,"Sep",2018,488,221,267,410,220,190,78,42,36,305,94,211,304,93,211,1,0,1
"West","Mbidima",84,"Oct",2018,422,189,233,350,187,163,72,39,33,280,99,181,276,99,177,4,1,3
"West","Mbidima",84,"Nov",2018,706,318,388,574,315,259,132,72,60,438,163,275,430,162,268,8,3,5
"West","Mbidima",84,"Dec",2018,142,68,74,108,68,40,34,21,13,120,57,63,120,57,63,0,0,0
"East","Galkashiikh",85,"Jan",2018,118,61,57,80,60,20,38,29,9,84,47,37,79,47,32,5,3,2
"East","Galkashiikh",85,"Feb",2018,13,7,6,9,6,3,4,3,1,11,5,6,10,5,5,1,1,0
"East","Galkashiikh",85,"Mar",2018,147,75,72,104,74,30,43,31,12,79,39,40,71,38,33,8,4,4
"East","Galkashiikh",85,"Apr",2018,196,98,98,146,97,49,50,33,17,153,68,85,133,67,66,20,10,10
"East","Galkashiikh",85,"May",2018,553,283,270,412,281,131,141,96,45,368,160,208,319,159,160,49,24,25
"East","Galkashiikh",85,"Jun",2018,87,44,43,61,44,17,26,19,7,71,34,37,61,34,27,10,6,4
"East","Galkashiikh",85,"Jul",2018,949,478,471,733,474,259,216,140,76,646,326,320,578,324,254,68,38,30
"East","Galkashiikh",85,"Aug",2018,646,312,334,445,309,136,201,140,61,438,205,233,408,204,204,30,15,15
"East","Galkashiikh",85,"Sep",2018,398,201,197,242,196,46,156,126,30,276,145,131,258,143,115,18,10,8
"East","Galkashiikh",85,"Oct",2018,473,246,227,279,243,36,194,169,25,356,198,158,329,196,133,27,16,11
"East","Galkashiikh",85,"Nov",2018,875,449,426,513,443,70,362,313,49,599,299,300,549,295,254,50,27,23
"East","Galkashiikh",85,"Dec",2018,1119,587,532,688,581,107,431,364,67,894,477,417,807,472,335,87,51,36
"Cascades","Tchimari",86,"Jan",2018,238,113,125,184,112,72,54,33,21,160,66,94,159,65,94,1,0,1
"Cascades","Tchimari",86,"Feb",2018,174,83,91,131,82,49,43,27,16,101,42,59,100,42,58,1,0,1
"Cascades","Tchimari",86,"Mar",2018,544,264,280,451,263,188,93,54,39,484,197,287,482,197,285,2,1,1
"Cascades","Tchimari",86,"Apr",2018,169,82,87,140,81,59,29,17,12,76,31,45,75,30,45,1,0,1
"Cascades","Tchimari",86,"May",2018,93,44,49,74,44,30,19,11,8,31,13,18,31,13,18,0,0,0
"Cascades","Tchimari",86,"Jun",2018,142,70,72,106,70,36,36,24,12,36,19,17,36,20,16,0,0,0
"Cascades","Tchimari",86,"Jul",2018,369,184,185,267,182,85,102,69,33,232,124,108,231,124,107,1,1,0
"Cascades","Tchimari",86,"Aug",2018,963,465,498,752,463,289,211,130,81,731,320,411,728,319,409,3,1,2
"Cascades","Tchimari",86,"Sep",2018,425,202,223,326,201,125,99,61,38,389,165,224,387,165,222,2,1,1
"Cascades","Tchimari",86,"Oct",2018,640,298,342,475,297,178,165,103,62,480,205,275,477,204,273,3,1,2
"Cascades","Tchimari",86,"Nov",2018,382,183,199,313,183,130,69,40,29,352,147,205,350,147,203,2,1,1
"Cascades","Tchimari",86,"Dec",2018,69,33,36,52,33,19,17,11,6,59,28,31,59,29,30,0,0,0
"Central","Siago",87,"Jan",2018,327,161,166,235,157,78,92,61,31,208,100,108,201,98,103,7,3,4
"Central","Siago",87,"Feb",2018,180,88,92,118,84,34,62,44,18,129,58,71,121,55,66,8,4,4
"Central","Siago",87,"Mar",2018,162,80,82,113,76,37,49,33,16,118,55,63,112,53,59,6,3,3
"Central","Siago",87,"Apr",2018,231,113,118,176,107,69,55,34,21,122,52,70,114,49,65,8,3,5
"Central","Siago",87,"May",2018,198,94,104,147,90,57,51,31,20,168,71,97,157,67,90,11,5,6
"Central","Siago",87,"Jun",2018,199,97,102,146,93,53,53,34,19,108,49,59,103,48,55,5,2,3
"Central","Siago",87,"Jul",2018,1162,566,596,982,555,427,180,102,78,883,420,463,867,415,452,16,8,8
"Central","Siago",87,"Aug",2018,1196,522,674,1103,502,601,93,42,51,780,159,621,771,156,615,9,2,7
"Central","Siago",87,"Sep",2018,587,267,320,482,263,219,105,57,48,484,178,306,474,176,298,10,4,6
"Central","Siago",87,"Oct",2018,271,126,145,212,123,89,59,34,25,236,92,144,231,91,140,5,2,3
"Central","Siago",87,"Nov",2018,458,214,244,353,210,143,105,63,42,336,131,205,328,129,199,8,3,5
"Central","Siago",87,"Dec",2018,418,204,214,291,200,91,127,87,40,280,136,144,272,134,138,8,4,4
"Central","Niaya",88,"Jan",2018,382,177,205,294,171,123,88,51,37,287,117,170,267,113,154,20,8,12
"Central","Niaya",88,"Feb",2018,69,33,36,55,32,23,14,8,6,55,23,32,53,22,31,2,1,1
"Central","Niaya",88,"Mar",2018,213,101,112,189,96,93,24,12,12,106,43,63,101,41,60,5,2,3
"Central","Niaya",88,"Apr",2018,115,55,60,89,53,36,26,15,11,80,36,44,76,35,41,4,2,2
"Central","Niaya",88,"May",2018,231,110,121,176,107,69,55,33,22,153,69,84,145,67,78,8,4,4
"Central","Niaya",88,"Jun",2018,174,84,90,133,81,52,41,25,16,142,65,77,138,63,75,4,2,2
"Central","Niaya",88,"Jul",2018,597,283,314,505,276,229,92,50,42,460,193,267,449,191,258,11,5,6
"Central","Niaya",88,"Aug",2018,451,205,246,372,197,175,79,42,37,264,99,165,260,98,162,4,2,2
"Central","Niaya",88,"Sep",2018,989,441,548,796,435,361,193,106,87,726,275,451,710,273,437,16,6,10
"Central","Niaya",88,"Oct",2018,109,49,60,92,48,44,17,9,8,83,30,53,80,29,51,3,1,2
"Central","Niaya",88,"Nov",2018,593,269,324,488,264,224,105,57,48,450,162,288,441,160,281,9,3,6
"Central","Niaya",88,"Dec",2018,624,292,332,485,282,203,139,81,58,434,176,258,412,170,242,22,9,13
"East","Marandre",89,"Jan",2018,200,96,104,147,93,54,53,34,19,158,71,87,153,69,84,5,2,3
"East","Marandre",89,"Feb",2018,139,68,71,99,67,32,40,27,13,115,50,65,113,48,65,2,1,1
"East","Marandre",89,"Mar",2018,205,101,104,136,98,38,69,50,19,112,50,62,108,47,61,4,2,2
"East","Marandre",89,"Apr",2018,65,32,33,44,31,13,21,15,6,43,18,25,40,16,24,3,1,2
"East","Marandre",89,"May",2018,108,53,55,88,52,36,20,12,8,81,32,49,78,30,48,3,1,2
"East","Marandre",89,"Jun",2018,53,26,27,47,26,21,6,3,3,23,11,12,22,10,12,1,0,1
"East","Marandre",89,"Jul",2018,789,387,402,689,381,308,100,55,45,561,282,279,554,279,275,7,4,3
"East","Marandre",89,"Aug",2018,544,246,298,472,244,228,72,37,35,399,134,265,396,133,263,3,1,2
"East","Marandre",89,"Sep",2018,643,296,347,494,294,200,149,89,60,466,176,290,464,175,289,2,1,1
"East","Marandre",89,"Oct",2018,860,415,445,690,414,276,170,102,68,652,264,388,649,263,386,3,1,2
"East","Marandre",89,"Nov",2018,545,262,283,437,260,177,108,64,44,358,141,217,356,140,216,2,1,1
"East","Marandre",89,"Dec",2018,375,177,198,257,175,82,118,80,38,194,85,109,191,84,107,3,1,2
"Plains","Zikishi",90,"Jan",2018,144,73,71,101,72,29,43,30,13,114,59,55,109,58,51,5,3,2
"Plains","Zikishi",90,"Feb",2018,213,108,105,150,107,43,63,45,18,34,18,16,34,18,16,0,0,0
"Plains","Zikishi",90,"Mar",2018,126,65,61,90,63,27,36,25,11,97,48,49,96,47,49,1,0,1
"Plains","Zikishi",90,"Apr",2018,319,160,159,251,157,94,68,42,26,203,85,118,202,85,117,1,0,1
"Plains","Zikishi",90,"May",2018,79,40,39,62,39,23,17,11,6,64,28,36,64,28,36,0,0,0
"Plains","Zikishi",90,"Jun",2018,137,68,69,112,64,48,25,14,11,99,45,54,98,45,53,1,0,1
"Plains","Zikishi",90,"Jul",2018,274,137,137,208,135,73,66,43,23,198,113,85,197,113,84,1,1,0
"Plains","Zikishi",90,"Aug",2018,942,470,472,725,448,277,217,134,83,699,307,392,697,306,391,2,1,1
"Plains","Zikishi",90,"Sep",2018,297,150,147,192,144,48,105,79,26,182,97,85,181,96,85,1,1,0
"Plains","Zikishi",90,"Oct",2018,403,206,197,258,203,55,145,114,31,298,163,135,297,162,135,1,1,0
"Plains","Zikishi",90,"Nov",2018,591,306,285,399,304,95,192,147,45,360,187,173,359,186,173,1,1,0
"Plains","Zikishi",90,"Dec",2018,591,307,284,383,306,77,208,166,42,491,292,199,489,291,198,2,1,1
"Sahel","Yakos",91,"Jan",2018,212,110,102,144,110,34,68,52,16,123,74,49,122,74,48,1,1,0
"Sahel","Yakos",91,"Feb",2018,187,93,94,147,93,54,40,25,15,106,52,54,105,52,53,1,0,1
"Sahel","Yakos",91,"Mar",2018,276,140,136,217,140,77,59,38,21,167,80,87,167,80,87,0,0,0
"Sahel","Yakos",91,"Apr",2018,162,81,81,133,81,52,29,18,11,161,68,93,160,68,92,1,0,1
"Sahel","Yakos",91,"May",2018,88,44,44,72,44,28,16,10,6,55,23,32,54,22,32,1,0,1
"Sahel","Yakos",91,"Jun",2018,212,105,107,169,105,64,43,27,16,169,65,104,167,65,102,2,1,1
"Sahel","Yakos",91,"Jul",2018,166,83,83,128,83,45,38,25,13,89,48,41,88,48,40,1,1,0
"Sahel","Yakos",91,"Aug",2018,351,174,177,264,174,90,87,57,30,288,141,147,286,142,144,2,1,1
"Sahel","Yakos",91,"Sep",2018,618,308,310,435,308,127,183,130,53,434,219,215,430,219,211,4,2,2
"Sahel","Yakos",91,"Oct",2018,465,234,231,313,234,79,152,114,38,309,169,140,306,169,137,3,2,1
"Sahel","Yakos",91,"Nov",2018,361,183,178,233,183,50,128,101,27,282,151,131,279,151,128,3,2,1
"Sahel","Yakos",91,"Dec",2018,434,221,213,279,221,58,155,123,32,341,210,131,331,210,121,10,6,4
"West","Kokam",92,"Jan",2018,184,91,93,138,92,46,46,31,15,150,71,79,147,70,77,3,1,2
"West","Kokam",92,"Feb",2018,305,149,156,242,149,93,63,39,24,234,106,128,229,106,123,5,2,3
"West","Kokam",92,"Mar",2018,200,99,101,170,99,71,30,17,13,129,56,73,126,55,71,3,1,2
"West","Kokam",92,"Apr",2018,263,132,131,216,131,85,47,29,18,144,60,84,141,60,81,3,1,2
"West","Kokam",92,"May",2018,122,60,62,101,60,41,21,13,8,69,32,37,68,32,36,1,0,1
"West","Kokam",92,"Jun",2018,665,329,336,508,328,180,157,101,56,437,200,237,425,199,226,12,6,6
"West","Kokam",92,"Jul",2018,481,237,244,374,236,138,107,68,39,354,180,174,342,180,162,12,6,6
"West","Kokam",92,"Aug",2018,437,204,233,384,204,180,53,28,25,333,125,208,330,124,206,3,1,2
"West","Kokam",92,"Sep",2018,477,227,250,388,226,162,89,52,37,355,145,210,351,145,206,4,2,2
"West","Kokam",92,"Oct",2018,323,155,168,239,155,84,84,54,30,275,121,154,267,121,146,8,4,4
"West","Kokam",92,"Nov",2018,674,331,343,492,329,163,182,122,60,510,227,283,496,227,269,14,6,8
"West","Kokam",92,"Dec",2018,467,235,232,319,230,89,148,107,41,363,194,169,359,193,166,4,2,2
"East","Dakoga",93,"Jan",2018,215,103,112,183,102,81,32,18,14,99,42,57,99,42,57,0,0,0
"East","Dakoga",93,"Feb",2018,516,252,264,414,250,164,102,62,40,253,103,150,251,102,149,2,1,1
"East","Dakoga",93,"Mar",2018,464,230,234,364,228,136,100,63,37,257,107,150,254,106,148,3,1,2
"East","Dakoga",93,"Apr",2018,264,129,135,236,128,108,28,15,13,106,43,63,105,43,62,1,0,1
"East","Dakoga",93,"May",2018,305,153,152,284,151,133,21,11,10,158,62,96,157,62,95,1,0,1
"East","Dakoga",93,"Jun",2018,507,248,259,487,245,242,20,10,10,237,96,141,234,95,139,3,1,2
"East","Dakoga",93,"Jul",2018,230,111,119,230,75,155,0,0,0,185,81,104,184,81,103,1,0,1
"East","Dakoga",93,"Aug",2018,211,96,115,206,95,111,5,2,3,166,54,112,166,54,112,0,0,0
"East","Dakoga",93,"Sep",2018,603,273,330,518,270,248,85,44,41,463,165,298,462,165,297,1,0,1
"East","Dakoga",93,"Oct",2018,496,229,267,396,229,167,100,58,42,358,129,229,357,129,228,1,0,1
"East","Dakoga",93,"Nov",2018,385,179,206,297,178,119,88,53,35,278,109,169,276,108,168,2,1,1
"East","Dakoga",93,"Dec",2018,301,145,156,249,145,104,52,30,22,256,107,149,254,106,148,2,1,1
"North Coast","Lalaba",94,"Jan",2018,130,66,64,83,67,16,47,38,9,99,55,44,97,55,42,2,1,1
"North Coast","Lalaba",94,"Feb",2018,317,162,155,214,161,53,103,77,26,171,85,86,167,84,83,4,2,2
"North Coast","Lalaba",94,"Mar",2018,128,65,63,90,65,25,38,27,11,81,39,42,78,38,40,3,1,2
"North Coast","Lalaba",94,"Apr",2018,171,87,84,127,88,39,44,30,14,98,44,54,96,44,52,2,1,1
"North Coast","Lalaba",94,"May",2018,258,131,127,194,130,64,64,43,21,177,74,103,172,74,98,5,2,3
"North Coast","Lalaba",94,"Jun",2018,353,177,176,259,177,82,94,64,30,278,125,153,275,125,150,3,1,2
"North Coast","Lalaba",94,"Jul",2018,76,38,38,58,37,21,18,12,6,55,27,28,54,27,27,1,0,1
"North Coast","Lalaba",94,"Aug",2018,691,323,368,599,323,276,92,50,42,553,207,346,545,207,338,8,3,5
"North Coast","Lalaba",94,"Sep",2018,732,347,385,551,347,204,181,114,67,517,211,306,511,211,300,6,2,4
"North Coast","Lalaba",94,"Oct",2018,224,107,117,166,107,59,58,38,20,130,55,75,129,55,74,1,0,1
"North Coast","Lalaba",94,"Nov",2018,311,154,157,224,154,70,87,60,27,230,104,126,227,104,123,3,1,2
"North Coast","Lalaba",94,"Dec",2018,360,182,178,221,182,39,139,115,24,244,140,104,242,140,102,2,1,1
"Sahel","Kidobar",95,"Jan",2018,190,98,92,139,98,41,51,36,15,101,59,42,98,59,39,3,2,1
"Sahel","Kidobar",95,"Feb",2018,365,188,177,290,184,106,75,48,27,145,73,72,141,72,69,4,2,2
"Sahel","Kidobar",95,"Mar",2018,26,13,13,21,13,8,5,3,2,19,9,10,18,9,9,1,0,1
"Sahel","Kidobar",95,"Apr",2018,817,415,402,656,413,243,161,101,60,577,304,273,558,302,256,19,10,9
"Sahel","Kidobar",95,"May",2018,165,83,82,133,82,51,32,20,12,106,55,51,102,54,48,4,2,2
"Sahel","Kidobar",95,"Jun",2018,201,101,100,150,100,50,51,34,17,151,71,80,146,70,76,5,2,3
"Sahel","Kidobar",95,"Jul",2018,465,232,233,371,230,141,94,58,36,246,126,120,240,125,115,6,3,3
"Sahel","Kidobar",95,"Aug",2018,460,230,230,396,229,167,64,37,27,366,168,198,360,168,192,6,3,3
"Sahel","Kidobar",95,"Sep",2018,118,58,60,91,58,33,27,17,10,103,50,53,100,50,50,3,1,2
"Sahel","Kidobar",95,"Oct",2018,359,180,179,256,178,78,103,72,31,206,109,97,199,108,91,7,4,3
"Sahel","Kidobar",95,"Nov",2018,978,502,476,697,502,195,281,202,79,711,378,333,688,378,310,23,13,10
"Sahel","Kidobar",95,"Dec",2018,248,127,121,156,127,29,92,75,17,207,122,85,197,122,75,10,6,4
"Sahel","Kidobar",96,"Jan",2018,147,76,71,107,75,32,40,28,12,73,43,30,71,43,28,2,1,1
"Sahel","Kidobar",96,"Feb",2018,212,109,103,168,107,61,44,28,16,152,76,76,148,76,72,4,2,2
"Sahel","Kidobar",96,"Mar",2018,188,96,92,151,96,55,37,23,14,122,59,63,118,58,60,4,2,2
"Sahel","Kidobar",96,"Apr",2018,204,104,100,164,103,61,40,25,15,113,59,54,109,59,50,4,2,2
"Sahel","Kidobar",96,"May",2018,190,96,94,153,95,58,37,23,14,133,69,64,128,68,60,5,3,2
"Sahel","Kidobar",96,"Jun",2018,112,56,56,84,56,28,28,19,9,62,29,33,60,29,31,2,1,1
"Sahel","Kidobar",96,"Jul",2018,342,170,172,273,169,104,69,43,26,236,120,116,230,119,111,6,3,3
"Sahel","Kidobar",96,"Aug",2018,423,212,211,364,211,153,59,34,25,264,122,142,260,121,139,4,2,2
"Sahel","Kidobar",96,"Sep",2018,331,162,169,255,162,93,76,48,28,246,119,127,240,119,121,6,3,3
"Sahel","Kidobar",96,"Oct",2018,772,387,385,549,382,167,223,155,68,667,353,314,645,351,294,22,12,10
"Sahel","Kidobar",96,"Nov",2018,514,264,250,366,264,102,148,107,41,435,231,204,421,231,190,14,8,6
"Sahel","Kidobar",96,"Dec",2018,878,451,427,552,450,102,326,266,60,646,381,265,615,380,235,31,19,12
"Plains","Bonmi",97,"Jan",2018,199,97,102,145,96,49,54,36,18,140,64,76,139,63,76,1,0,1
"Plains","Bonmi",97,"Feb",2018,275,135,140,192,134,58,83,58,25,154,68,86,153,67,86,1,0,1
"Plains","Bonmi",97,"Mar",2018,108,53,55,76,53,23,32,22,10,73,32,41,73,32,41,0,0,0
"Plains","Bonmi",97,"Apr",2018,326,159,167,276,159,117,50,29,21,167,68,99,166,68,98,1,0,1
"Plains","Bonmi",97,"May",2018,211,103,108,182,103,79,29,16,13,135,54,81,135,54,81,0,0,0
"Plains","Bonmi",97,"Jun",2018,184,89,95,151,89,62,33,19,14,178,75,103,178,75,103,0,0,0
"Plains","Bonmi",97,"Jul",2018,879,418,461,743,417,326,136,76,60,589,263,326,587,262,325,2,1,1
"Plains","Bonmi",97,"Aug",2018,443,198,245,408,197,211,35,17,18,358,111,247,357,111,246,1,0,1
"Plains","Bonmi",97,"Sep",2018,535,246,289,432,245,187,103,58,45,417,152,265,416,151,265,1,0,1
"Plains","Bonmi",97,"Oct",2018,32,15,17,25,15,10,7,4,3,22,9,13,22,9,13,0,0,0
"Plains","Bonmi",97,"Nov",2018,754,355,399,586,353,233,168,101,67,673,289,384,671,288,383,2,1,1
"Plains","Bonmi",97,"Dec",2018,245,120,125,178,119,59,67,45,22,155,75,80,154,75,79,1,0,1
"North Coast","Buseli",98,"Jan",2018,128,63,65,93,64,29,35,24,11,63,31,32,63,31,32,0,0,0
"North Coast","Buseli",98,"Feb",2018,275,137,138,200,137,63,75,51,24,163,79,84,162,78,84,1,0,1
"North Coast","Buseli",98,"Mar",2018,87,44,43,65,43,22,22,15,7,70,32,38,69,31,38,1,0,1
"North Coast","Buseli",98,"Apr",2018,245,122,123,200,122,78,45,27,18,174,76,98,173,76,97,1,0,1
"North Coast","Buseli",98,"May",2018,230,116,114,179,116,63,51,33,18,184,83,101,182,83,99,2,1,1
"North Coast","Buseli",98,"Jun",2018,290,145,145,232,144,88,58,36,22,193,86,107,191,86,105,2,1,1
"North Coast","Buseli",98,"Jul",2018,214,105,109,173,105,68,41,25,16,124,64,60,121,64,57,3,2,1
"North Coast","Buseli",98,"Aug",2018,197,91,106,170,91,79,27,14,13,160,60,100,159,60,99,1,0,1
"North Coast","Buseli",98,"Sep",2018,580,270,310,422,270,152,158,101,57,445,183,262,442,183,259,3,1,2
"North Coast","Buseli",98,"Oct",2018,400,187,213,263,187,76,137,97,40,224,103,121,223,103,120,1,0,1
"North Coast","Buseli",98,"Nov",2018,588,276,312,383,276,107,205,148,57,331,137,194,329,137,192,2,1,1
"North Coast","Buseli",98,"Dec",2018,334,169,165,211,169,42,123,99,24,303,168,135,301,168,133,2,1,1
"Central","Mbono",99,"Jan",2018,154,64,90,110,57,53,44,23,21,84,27,57,63,24,39,21,8,13
"Central","Mbono",99,"Feb",2018,298,123,175,202,108,94,96,51,45,225,76,149,183,67,116,42,15,27
"Central","Mbono",99,"Mar",2018,751,321,430,511,297,214,240,139,101,393,145,248,364,138,226,29,11,18
"Central","Mbono",99,"Apr",2018,499,232,267,398,221,177,101,56,45,332,147,185,312,143,169,20,9,11
"Central","Mbono",99,"May",2018,0,0,0,0,0,0,0,0,0,0,0,0,0,0,0,0,0,0
"Central","Mbono",99,"Jun",2018,55,25,30,46,23,23,9,5,4,32,13,19,29,12,17,3,1,2
"Central","Mbono",99,"Jul",2018,508,222,286,448,204,244,60,27,33,399,125,274,357,116,241,42,14,28
"Central","Mbono",99,"Aug",2018,771,305,466,680,276,404,91,37,54,606,176,430,540,166,374,66,20,46
"Central","Mbono",99,"Sep",2018,536,204,332,532,182,350,4,1,3,279,66,213,236,57,179,43,10,33
"Central","Mbono",99,"Oct",2018,296,100,196,275,92,183,21,7,14,186,36,150,168,34,134,18,4,14
"Central","Mbono",99,"Nov",2018,380,137,243,336,128,208,44,17,27,289,61,228,250,56,194,39,9,30
"Central","Mbono",99,"Dec",2018,824,330,494,819,289,530,5,2,3,637,195,442,526,169,357,111,36,75
"North Coast","Yumka",100,"Jan",2018,281,135,146,204,135,69,77,51,26,163,74,89,163,74,89,0,0,0
"North Coast","Yumka",100,"Feb",2018,153,74,79,115,74,41,38,24,14,103,47,56,103,47,56,0,0,0
"North Coast","Yumka",100,"Mar",2018,283,139,144,222,139,83,61,38,23,146,62,84,145,62,83,1,0,1
"North Coast","Yumka",100,"Apr",2018,97,48,49,77,48,29,20,12,8,67,28,39,67,28,39,0,0,0
"North Coast","Yumka",100,"May",2018,112,55,57,90,55,35,22,13,9,88,35,53,87,34,53,1,0,1
"North Coast","Yumka",100,"Jun",2018,320,153,167,249,153,96,71,44,27,169,72,97,169,72,97,0,0,0
"North Coast","Yumka",100,"Jul",2018,534,257,277,423,257,166,111,67,44,424,219,205,424,219,205,0,0,0
"North Coast","Yumka",100,"Aug",2018,572,255,317,504,253,251,68,34,34,365,104,261,365,104,261,0,0,0
"North Coast","Yumka",100,"Sep",2018,402,187,215,310,186,124,92,55,37,309,123,186,308,123,185,1,0,1
"North Coast","Yumka",100,"Oct",2018,593,282,311,444,282,162,149,95,54,524,229,295,523,229,294,1,0,1
"North Coast","Yumka",100,"Nov",2018,172,84,88,128,84,44,44,29,15,112,44,68,112,44,68,0,0,0
"North Coast","Yumka",100,"Dec",2018,476,234,242,330,234,96,146,103,43,297,152,145,297,152,145,0,0,0
